Test ID,GWD (m),Elevation,L (km),Slope (%),PGA (g),Target
182,0.370808691,0.909115791,0.319116999,5.465738773,0.546270251,0
15635,1.300895929,1.123009086,0.211770466,0.905948281,0.532398283,0
8292,1.300895929,0.847857535,0.19594725,0.849103987,0.532398283,0
15629,1.788212299,2.044325113,0.115795053,0.45103392,0.542306662,0
183,1.637517214,2.003796577,0.137265348,0.94186604,0.545783579,1
158,1.165642977,0.992153585,0.073885082,2.69928956,0.535794199,0
180,2.121363878,1.933610797,0.119745095,1.187781334,0.528980136,0
173,1.288666368,1.191561103,0.040633052,2.766043186,0.539045095,1
161,1.88451457,1.692008376,0.064008642,0.173424989,0.535901964,1
179,1.482129693,1.488146544,0.003208724,3.220947981,0.539283395,1
170,1.809964061,2.104902506,0.007098528,1.904443383,0.532439411,0
184,1.809964061,2.104902506,0.007098528,1.904443383,0.532439411,0
178,1.723188996,1.754743457,0.00753897,0.962259591,0.535901964,1
15767,1.120904207,1.488165259,0.043390474,0.580253124,0.542621434,0
38484,2.418100834,3.392663002,1.506731321,0.892346978,0.397815257,0
25645,2.418100834,3.367697954,1.496243005,1.016843915,0.397815257,0
38483,2.390335083,3.292109013,1.507054125,1.384756446,0.400288016,0
38482,2.368753433,3.285925388,1.48935313,0.582385719,0.400288016,1
43479,1.611433148,2.914044142,1.454624037,1.832709789,0.400288016,0
26301,1.280091166,2.212277889,1.524680397,1.353169441,0.397167951,1
25647,2.318737507,3.224749565,1.469793515,0.267053276,0.400288016,0
38706,1.516597867,2.307100296,1.491573816,2.303804636,0.397167951,1
34643,1.516597867,2.307100296,1.491485173,2.303804636,0.397167951,1
33251,1.671823025,2.507290602,1.410880415,0.946592093,0.403432131,0
43739,1.274946451,2.129719734,1.520266991,0.142425582,0.397167951,1
38707,1.476430535,2.226715088,1.483922478,1.819276214,0.397167951,1
34644,1.476430535,2.226715088,1.483939769,1.819276214,0.397167951,1
34645,1.961728096,2.652082205,1.458742884,2.604229689,0.400288016,1
38708,1.961728096,2.652082205,1.458654985,2.604229689,0.400288016,1
33252,1.540102124,2.598547697,1.401293913,0.9593575,0.403432131,0
43740,1.417785645,2.261754274,1.501037692,0.181400254,0.397167951,1
43738,1.368857861,1.986423016,1.482893283,1.211723089,0.397167951,1
17688,1.368857861,1.952880025,1.473343826,1.211723089,0.397167951,1
17643,1.639913082,2.4586339,1.376920908,1.608679295,0.400288016,0
40731,1.417785645,2.259871006,1.489232213,0.515836895,0.397167951,1
40011,2.287996054,3.104908943,1.395079051,1.182376385,0.400288016,1
25663,1.862063408,2.806289196,1.336449127,0.235652626,0.403432131,0
40734,1.368857861,2.302582741,1.470093944,0.900339067,0.397167951,1
33312,1.809411287,2.776405573,1.340759494,0.511037529,0.403432131,0
50447,1.381860971,2.212928295,1.468715798,0.515836895,0.397167951,1
25665,1.962589025,2.852240086,1.322103184,0.235652626,0.403432131,0
37962,1.977387667,2.868956327,1.311429266,0.388143659,0.403432131,0
22298,2.087969303,2.848798037,1.357440363,1.883031487,0.400288016,1
22297,2.282222986,3.029010773,1.367229967,0.85599488,0.400288016,1
27710,1.95915246,2.764889956,1.339416577,1.441653967,0.403432131,0
16628,1.623625994,2.313437223,1.393918357,2.76104188,0.400288016,1
17184,1.623625994,2.313437223,1.393918357,2.76104188,0.400288016,1
50446,1.381860971,2.178912878,1.458774653,0.510254562,0.397167951,1
25669,1.623625994,2.29284215,1.393722066,1.354122996,0.400288016,1
6299,1.834730983,2.891213894,1.280704493,1.085586548,0.406612396,0
22299,2.282222986,3.090821028,1.352396634,0.830984652,0.400288016,0
27825,2.104935646,3.009106398,1.273529328,0.407523811,0.409068912,0
43757,2.161094189,2.790168285,1.3270185,2.454272985,0.402736336,0
27823,2.104935646,3.077856541,1.251001162,0.609511912,0.405888289,0
30102,1.844150543,2.714781046,1.282722591,0.904006362,0.405888289,0
43758,2.112471342,2.826687336,1.316885817,1.983669639,0.402736336,0
18962,1.826566577,2.40162015,1.26340104,1.285456777,0.405888289,0
20925,1.826566577,2.40162015,1.26340104,1.285456777,0.405888289,0
29280,1.841656923,2.713583231,1.284603583,0.904006362,0.405888289,0
4666,1.564909458,2.345477581,1.287971756,0.196051493,0.405888289,0
25156,1.640043378,2.29714942,1.320171921,2.041700363,0.402736336,0
4434,1.507806063,2.194950104,1.36655064,1.425258636,0.399596095,1
43887,1.694537163,2.442593575,1.215184164,1.946568847,0.405888289,0
30104,1.507806063,2.147447824,1.354966532,1.524629593,0.399596095,1
4982,1.577517986,2.617913008,1.191034386,2.644840956,0.409068912,0
28541,1.255047798,2.126682997,1.289245373,1.380753398,0.402736336,0
4984,1.747346997,2.529650688,1.236915884,1.018433571,0.405888289,0
28540,1.255047798,2.170044661,1.281249377,0.781044841,0.402736336,0
25691,1.305158615,2.114336014,1.311291184,0.807624936,0.402736336,1
25692,1.24974227,1.893905759,1.301826036,0.07137078,0.402736336,1
17677,1.255047798,1.837335706,1.289707459,1.380753398,0.402736336,0
43888,1.694537163,2.456794262,1.202108572,0.992008626,0.405888289,0
30108,1.418777227,2.260019302,1.363330594,0.824107468,0.399596095,1
29288,1.57689786,2.382346392,1.25420132,0.218490437,0.402736336,0
43892,1.507806063,2.114774704,1.345018258,1.158615232,0.399596095,1
22350,1.457410336,2.25009203,1.263482263,0.424546152,0.402736336,0
4713,1.507806063,2.134371996,1.337996608,1.158615232,0.399596095,1
29285,1.589925528,2.390904665,1.237957852,0.267730623,0.402736336,0
22351,1.481057048,2.25195694,1.25753678,1.49476254,0.402736336,0
43647,1.487533092,2.168891191,1.275018675,1.498773694,0.402736336,1
39884,1.511327744,2.034265995,1.213220772,1.273044586,0.405888289,0
4981,1.586341858,2.328535557,1.169035545,1.109703779,0.405888289,0
51721,1.246087193,2.061386824,1.256243103,1.285247445,0.402736336,1
4649,0.846886039,1.718924284,1.127154038,0.738023937,0.409068912,0
15984,0.846886039,1.718924284,1.127154038,0.738023937,0.409068912,0
39882,1.368932009,2.153505802,1.168557358,1.184903502,0.405888289,0
25167,1.505043983,2.257682085,1.283075582,0.843724012,0.399596095,1
37112,1.327330112,2.215149403,1.324141574,2.552774429,0.399596095,1
37111,1.308411837,2.087547302,1.296999232,0.761764526,0.399596095,1
38480,1.597990274,2.345124722,1.137893634,0.397090495,0.409068912,0
38479,1.402536869,2.207638979,1.119604897,1.191735744,0.409068912,0
37119,1.550678968,2.353412867,1.185873487,0.634793758,0.402736336,0
37118,1.550678968,2.238096476,1.176096907,1.218235612,0.405888289,0
38481,1.597990274,2.38898015,1.123672036,0.397090495,0.409068912,0
16972,1.298338652,2.352112293,1.091863419,2.672034979,0.409068912,0
16971,0.803721428,1.53870523,1.089683701,1.833517075,0.411497533,0
25704,1.60231328,2.336185694,1.112294095,0.192379549,0.411497533,0
32773,1.555778742,2.191109657,1.209187866,0.562798142,0.405153751,0
33311,1.582794905,1.986487746,1.149289726,1.515230775,0.408313572,0
17679,1.372362614,2.009072542,1.186333969,0.398391485,0.405153751,0
32776,1.565967321,2.238477468,1.210890212,0.235401854,0.405153751,0
41221,1.554062128,2.203037024,1.260502919,0.330357283,0.401998222,0
32774,1.372362614,2.157356501,1.188112684,1.166484714,0.405153751,0
43455,1.565967321,2.26666975,1.212904629,0.351219803,0.405153751,0
41222,1.554062128,2.177752018,1.269960075,0.696310878,0.401998222,0
32775,1.555778742,2.323952436,1.190529397,0.431863934,0.405153751,0
16629,1.171778202,2.136374474,1.065072082,0.632753968,0.411497533,0
37343,1.485307455,2.204166889,1.10026005,1.810874104,0.408313572,0
10775,1.586882949,2.228402376,1.162323511,0.723628521,0.405153751,0
4435,1.517963886,2.135601997,1.206537372,1.125480533,0.401998222,0
30105,1.568930864,2.226562738,1.229000675,0.127090067,0.401998222,0
50432,1.30223012,2.392404795,1.043357664,1.142205238,0.411497533,0
20932,1.14975965,1.898877859,1.074314483,0.617144823,0.408313572,0
18963,1.14975965,1.898877859,1.073801506,0.617144823,0.408313572,0
39883,1.14975965,1.819591641,1.077094455,0.617144823,0.408313572,0
50433,1.678320646,2.426881075,1.026364097,1.142205238,0.411497533,0
30100,1.50615871,2.075929642,1.070877735,1.230197906,0.408313572,0
51767,1.548643827,2.282963991,1.204869038,0.589842737,0.401998222,0
40932,1.651462674,2.311810017,1.102163653,0.169193164,0.405153751,0
50434,1.408836365,2.269939423,1.015481423,2.725604773,0.411497533,0
40931,1.665024519,2.358869791,1.072294673,0.272512317,0.408313572,1
23699,2.046736717,2.447652817,0.555326563,0.425785542,0.430944085,1
15686,2.046736717,2.519347906,0.533613323,0.601897538,0.430944085,1
7645,1.080213785,3.697681189,2.263344502,0.332548052,0.374729127,0
51752,1.50615871,2.17575407,1.045535354,1.067304373,0.408313572,0
15685,2.118737698,2.367121458,0.39989103,0.183683008,0.434205651,1
25721,1.209136009,2.141225576,1.188432294,2.68454504,0.401998222,1
7638,1.656910181,3.694288492,2.232164577,0.237357065,0.374729127,0
4436,1.542395234,2.232405901,1.092933405,1.797834873,0.405153751,1
15687,1.95085144,2.694266081,0.729581851,0.206962883,0.424421221,1
4437,1.527167082,2.251016617,1.140114841,1.052813172,0.401998222,1
25724,1.599917889,2.132443905,1.168262083,0.659164011,0.401998222,1
43865,1.527167082,2.173052549,1.131404049,1.250954151,0.405153751,1
28566,1.597416878,2.063243151,1.070381105,1.110070348,0.405153751,1
343,1.304017901,1.84246695,1.101747264,1.388007402,0.405153751,1
31794,1.319173098,2.237915039,1.147717457,2.621317863,0.401998222,1
5254,1.37968123,1.892415643,1.06028107,1.281738997,0.407550097,1
4646,1.464761019,2.218373299,1.082358062,1.020957947,0.407550097,1
344,1.223967075,1.869699478,0.974350924,1.217069626,0.410715848,0
32771,1.37968123,2.155612946,1.043265431,0.838614345,0.407550097,1
513,1.605894804,3.570585966,2.19900484,0.237995088,0.377088428,0
25730,1.465719342,2.163406849,0.890039766,1.397382259,0.42035684,0
50394,1.551029444,2.212137699,0.989116453,1.244753957,0.410715848,1
32770,1.546132326,2.195827723,1.022065542,0.837970614,0.407550097,1
4983,1.551029444,2.212137699,0.98566418,1.08584094,0.410715848,1
28557,1.525643468,2.216973543,1.062065565,1.068930864,0.407550097,1
6480,1.634327888,2.287959337,1.031234481,0.486633033,0.407550097,1
25735,1.749963284,2.500719547,0.879865451,0.662277937,0.417122245,0
25736,1.492386103,2.218665123,0.870167302,0.34806639,0.42035684,0
19096,1.505528688,2.13423562,0.899695649,1.644084692,0.413903326,0
38310,1.505528688,2.13423562,0.899002536,1.644084692,0.413903326,0
20754,1.530135155,2.082405567,0.873351824,0.379523367,0.417122245,1
50395,1.551029444,2.271291256,0.962866297,0.262859017,0.410715848,1
15665,1.28280437,1.971271634,0.826958845,1.061174393,0.423594773,0
20941,0.911268353,1.670077085,0.888099539,0.493148595,0.413903326,0
32772,0.874551594,2.224230766,1.005577723,1.830367684,0.407550097,1
50396,1.515690088,2.257362843,0.951825098,0.262859017,0.410715848,1
304,1.615944386,2.028216124,0.840496628,0.986427784,0.42035684,0
32653,1.988277674,2.662929535,0.836882023,0.675088108,0.42035684,0
327,1.825793028,1.958672404,0.288687899,0.91641444,0.436636418,1
25745,1.959481001,2.619643688,0.814002928,1.028610349,0.42035684,0
6438,1.566298366,3.407044649,2.154550716,0.909582257,0.377088428,0
25746,1.59501195,2.426134348,0.804357957,1.034160495,0.42035684,0
25747,1.959481001,2.617726564,0.808585472,1.028610349,0.42035684,0
303,1.949661255,2.379585028,0.511126762,0.888854325,0.430106997,0
2772,1.566298366,3.561052084,2.157099647,0.473178029,0.377088428,0
10982,1.848188043,3.460000038,2.017206808,0.276400357,0.380468905,0
15987,1.941252828,2.529371262,0.778705711,0.567715764,0.42035684,0
24183,1.773799181,2.347055674,0.797837429,0.360781282,0.417122245,1
16481,2.007141113,2.421563387,0.789933627,0.961415827,0.417122245,0
25748,2.007141113,2.583073854,0.784863397,0.703099966,0.417122245,0
47850,1.941249609,2.615428209,0.78581899,0.765557349,0.417122245,0
15664,1.507121921,1.944489598,0.668523726,0.519843161,0.426848412,0
5101,1.674444199,3.525280952,2.150979441,0.532884836,0.377088428,0
47849,1.941249609,2.608958244,0.776690766,0.820913851,0.417122245,1
25752,2.007141113,2.851526976,0.767881313,0.660478115,0.417122245,0
47848,2.146501064,2.807934523,0.761511311,0.436582297,0.417122245,0
25757,2.146501064,2.866416693,0.751397177,0.436582297,0.41953063,0
10984,1.645113707,3.530474186,2.090161631,1.012652397,0.379652143,0
47847,1.977062225,2.590852261,0.741653219,1.223698854,0.41953063,1
40929,1.862850189,2.413375616,0.731828284,2.134145737,0.422770202,0
37246,1.825867772,2.348669767,0.724937451,1.006682158,0.422770202,0
47846,1.995111346,2.717220306,0.720362985,1.056944013,0.41953063,0
47845,1.765058637,2.407683134,0.718719385,0.875803411,0.41953063,0
14456,1.65925014,3.306518793,1.989568989,0.761594415,0.383003354,0
47844,1.995111346,2.491944313,0.697448485,0.9971084,0.41953063,0
38415,2.1049366,2.750412941,0.690938883,0.139924869,0.422770202,0
38414,2.018221378,2.782393932,0.681778939,0.632240653,0.41953063,0
47843,2.018221378,2.605811834,0.680604243,0.851012349,0.41953063,0
47842,1.770297408,2.485530138,0.682928851,1.289837956,0.41953063,0
22660,1.741722822,2.232382536,0.681292226,0.5761531,0.41953063,0
37239,2.1049366,2.800622702,0.672709436,0.475101262,0.422770202,0
37236,1.770297408,2.429111958,0.668887911,0.5761531,0.41953063,0
333,1.433123112,2.136893988,0.650877403,1.544136286,0.422770202,0
37240,1.754311681,2.699506521,0.648815119,2.388266563,0.422770202,0
25779,1.61056757,2.56668663,0.641894526,0.776885152,0.41953063,0
341,2.056094646,2.173719406,0.3344357,4.331903934,0.435776055,0
14092,1.542329907,2.080495834,0.616340779,0.854335427,0.41953063,0
15663,1.72304225,2.199346066,0.543028098,2.09391737,0.432516843,0
37241,1.542329907,2.251117229,0.604454106,0.854335427,0.41953063,0
37242,1.542329907,2.375040293,0.600644792,0.854335427,0.41953063,0
37244,1.763540745,2.361247301,0.576549328,0.464984447,0.421949267,0
37243,1.763540745,2.391419411,0.572645021,0.439513266,0.421949267,0
38882,1.865554214,2.627326488,0.567587576,1.617445111,0.425189316,0
512,1.745914578,2.877516985,1.882638062,0.665194452,0.385664493,0
24224,2.040797234,2.726608753,0.548924315,0.266171545,0.421949267,0
305,1.14106822,2.069404125,0.516489428,2.49943161,0.425189316,0
332,0.710434198,1.668796539,0.415730212,3.190658092,0.431682765,1
340,1.203669071,1.307171464,0.425989702,2.213826656,0.428432703,1
10907,1.740383506,3.272116899,1.818304061,0.550947607,0.388374358,0
331,1.240282297,1.935671329,0.399074718,0.656288385,0.427613884,0
15677,2.212531328,2.330178261,0.303317358,1.771935344,0.437352061,0
15671,1.919181108,2.332685709,0.234813643,0.940065622,0.430042863,1
329,1.093164086,1.327253699,0.146629305,2.424165726,0.439786822,0
306,1.063338041,1.529288411,0.173574917,4.658102512,0.436535954,1
330,1.063338041,0.99938792,0.171585455,4.658102512,0.436535954,1
45010,0.836552441,2.095429182,0.035401623,4.509598732,0.434913993,1
45611,0.836552441,2.095429182,0.035401623,4.509598732,0.434913993,1
48147,1.08234477,1.65104568,0.436469957,1.148642182,0.421926588,1
15771,1.175441861,2.10838151,0.053437993,0.970473111,0.438174874,1
1419,1.343591213,1.979503512,0.065663497,0.222529054,0.441438854,1
1441,1.291656613,1.936964869,0.078350466,0.095002905,0.441438854,1
44347,1.075043082,1.873919725,0.097809588,0.23308742,0.434913993,1
48149,1.642892599,2.39264369,0.63008001,1.254420638,0.418711126,1
1428,0.851140499,1.78040874,0.173089911,0.864777565,0.434913993,1
25867,1.173310757,2.370257854,0.223865328,0.544941664,0.440642804,1
15770,1.051546335,2.001159906,0.228625197,1.42156446,0.440642804,1
1420,0.90240252,1.956146002,0.1835979,0.594640791,0.44721067,1
27614,1.523640156,3.350664854,0.31193028,3.70353961,0.440642804,1
27609,2.089640856,3.446147442,0.337835118,1.410568118,0.440642804,1
27610,2.089640856,3.505965233,0.344087916,0.228201926,0.443142682,1
49593,1.960298896,3.303461075,0.331011434,0.346281409,0.443142682,1
49596,1.960298896,3.223714828,0.348495595,0.770081997,0.443142682,1
49594,1.601831079,3.278743982,0.329204769,2.648837805,0.443142682,1
49595,1.793532968,3.282548428,0.347780844,0.503196299,0.443142682,1
38905,1.893516064,1.27146852,0.773275327,0.421118647,0.511369824,1
14014,1.836762071,1.241402864,0.761524719,0.341649294,0.511369824,1
32766,2.024292946,1.480636716,0.819696097,0.165105447,0.511369824,1
38907,1.893516064,1.380674005,0.789815771,0.693291247,0.511369824,1
32769,1.901310444,1.43814528,0.828944566,0.499337643,0.511369824,1
38906,1.893516064,1.253660083,0.771269341,0.450455695,0.511369824,1
47790,2.024292946,1.459154248,0.817470008,0.601519406,0.511369824,1
40921,1.854067326,1.320407629,0.735244657,0.259447455,0.511369824,1
4321,2.016446352,1.455551982,0.788736243,0.711962044,0.511369824,1
40920,1.854067326,1.275789857,0.747980645,0.75479573,0.511369824,1
47789,2.016446352,1.550852418,0.789084189,0.354668707,0.511369824,1
29909,1.126211524,2.505799055,1.704327142,0.611228883,0.524468243,0
13715,1.216140747,2.633310795,1.66960622,0.799766839,0.524468243,0
29458,1.126211524,2.53969264,1.678879399,0.478333175,0.524468243,0
25982,1.108169079,2.363986015,1.702889393,0.395297021,0.524468243,0
25984,1.304902673,2.584981918,1.713383578,0.767660201,0.524468243,1
25990,1.304902673,2.51537466,1.687877385,0.559072673,0.524468243,0
17418,1.244270563,2.892156363,1.612030527,0.69786638,0.52798003,0
38423,1.553956628,2.763109207,1.686204104,0.70230937,0.521008015,1
25994,1.304902673,2.558453798,1.687987144,0.70230937,0.524468243,1
7521,1.318109274,2.861946106,1.607114736,0.403937936,0.52798003,0
25996,1.366049409,2.739362478,1.631771576,0.688897491,0.524468243,0
25997,1.391599655,2.788894892,1.617637174,1.249168634,0.524468243,0
19025,1.215944767,2.45616889,1.65524026,0.382490277,0.524468243,0
57367,1.455201983,2.687808752,1.665923694,0.855779052,0.524468243,0
6303,1.296498179,2.866488695,1.538142066,0.475264639,0.52798003,0
2622,1.296498179,2.969117403,1.53861234,0.624046445,0.52798003,0
9114,1.508523226,2.954692602,1.47808378,0.150898084,0.530165434,0
2615,2.725225687,1.928146958,0.990792722,0.549277246,0.509883642,0
22276,2.725225687,1.860699534,1.005643857,1.744427204,0.509883642,0
3799,2.797463417,1.951994896,0.95503758,0.363571346,0.506585777,0
27616,2.877457857,2.095082283,0.881407676,0.469417065,0.506585777,0
16210,2.892577648,2.051614046,0.881758602,0.336362779,0.506585777,0
2616,2.436155319,1.817474127,0.961735735,0.879390419,0.509883642,0
41716,2.865250349,1.975745678,0.919514645,0.660520852,0.506585777,0
2612,2.865250349,2.116935492,0.904555392,0.660520852,0.506585777,0
5131,2.895948648,2.20126152,0.847534759,0.39664337,0.506585777,0
38592,2.865250349,1.945113897,0.916947964,0.660520852,0.506585777,0
26055,2.806796789,2.160052299,0.830026808,0.310487181,0.506585777,0
41720,2.636835098,1.9639467,0.928562654,0.662728727,0.506585777,0
41717,2.78557229,1.953868747,0.913929116,0.660520852,0.506585777,0
42972,2.78557229,2.087178707,0.911250428,0.606944263,0.506585777,0
42971,2.78557229,1.941762328,0.912630052,0.606944263,0.506585777,0
49820,2.819771767,2.057013512,0.875395063,0.150659144,0.506585777,0
42970,2.78557229,1.941762328,0.913362487,0.606944263,0.506585777,0
41718,2.636835098,1.843547702,0.943974588,2.506649971,0.509883642,0
38591,2.636835098,1.928246617,0.918897242,1.233054638,0.506585777,0
42969,2.636835098,1.958180308,0.926226261,1.233054638,0.506585777,0
42968,2.636835098,1.958180308,0.927645893,1.233054638,0.506585777,0
42967,2.636835098,1.933424354,0.928554051,1.233054638,0.506585777,0
41719,2.636835098,1.751363516,0.935465052,2.506649971,0.506585777,0
15606,2.106420517,2.943941593,0.189630767,2.244982004,0.442483068,0
15610,2.73045063,3.454540014,0.174341419,0.770152211,0.446033657,0
15617,3.809645891,4.403339863,0.181715979,1.720116377,0.449552506,0
113,2.0606668,2.864020586,0.297955757,1.557284713,0.441667259,1
4076,2.688354254,4.374470711,0.92953795,0.390067339,0.410838395,0
34709,1.272565603,3.775398731,1.205441852,0.395424187,0.408954412,1
19037,1.649841309,4.229884624,1.12900807,1.867460012,0.412181139,0
20222,2.103034496,4.747306347,1.03607381,0.655165553,0.414839625,1
41164,2.883702755,5.150273323,0.48308307,1.019210577,0.434360415,1
2915,3.045438051,5.146181107,0.45024274,1.469179511,0.434360415,1
5041,2.683079243,3.9418118,0.51903889,0.708526134,0.483323067,0
900,2.552742004,4.046731949,0.532397691,0.708526134,0.483323067,0
10544,2.552742004,3.965979815,0.535074145,0.708526134,0.485804558,0
29894,3.097432852,4.406733513,0.512931745,2.430842638,0.485804558,1
29889,2.622614861,4.480199337,0.580887168,0.868019521,0.485804558,0
40391,2.622614861,4.38621664,0.580072634,0.673572063,0.485804558,0
33223,2.955570459,4.687957287,0.559390128,3.127944469,0.485804558,0
29893,3.371204853,4.560161591,0.547664539,1.188045979,0.485804558,1
29887,2.613880634,4.415124893,0.603002815,0.228281945,0.485804558,0
40392,2.613880634,4.415124893,0.603002815,0.228281945,0.485804558,0
41570,3.336765766,4.845206738,0.588120456,3.652973652,0.485804558,1
11073,2.710269928,4.65994072,0.66546761,1.280834198,0.485804558,0
49091,3.041476727,4.71523571,0.618658502,1.940264463,0.485804558,1
10769,3.656984806,4.625201702,0.620960354,6.573749542,0.482549578,0
5373,2.950301409,5.14743042,0.664484604,1.151062965,0.485804558,0
39585,2.220278263,4.657635212,0.697772303,1.524962306,0.485804558,0
37264,3.182133675,4.614975929,0.628616785,2.686274767,0.485053807,0
37265,3.007357121,4.629177094,0.637235021,1.186720729,0.485053807,0
11577,4.080334187,5.298312187,0.616533321,2.053850412,0.485053807,0
38456,4.080334187,5.30241394,0.622047623,2.374810219,0.485053807,0
38457,3.668945789,5.047306538,0.627740043,4.091503143,0.485053807,0
42546,4.073204994,5.780788898,0.642784021,0.858264744,0.485053807,0
42548,4.073204994,5.617153168,0.641273103,3.144790888,0.485053807,0
38458,3.395762444,5.058120251,0.639149015,6.913803577,0.485053807,0
32573,4.073204994,5.543857574,0.659303537,1.360080838,0.485053807,0
42547,3.395762444,4.966041565,0.658146989,3.144790888,0.485053807,0
32572,3.297919273,5.165387154,0.674203601,6.462552547,0.485053807,0
11579,2.934341908,4.184475422,0.669135865,2.54248786,0.481632292,0
37266,2.586038351,3.910468578,0.678392208,1.341186762,0.481632292,0
29890,2.63513875,4.962421417,0.744657742,0.712358415,0.488298923,0
15818,2.859292507,4.606891155,0.700658227,0.600807548,0.485053807,0
11079,3.013184547,5.020333767,0.72150611,0.473863214,0.488298923,0
25588,2.854059696,5.027924061,0.744373855,0.287632674,0.488298923,0
25589,2.63513875,4.932680607,0.757645332,0.943687141,0.488298923,0
37267,2.730524063,4.078027725,0.709454504,0.661078393,0.481632292,0
50246,2.492657423,4.227114677,0.717169755,2.221523523,0.485053807,0
11568,2.712381363,4.953495502,0.777666195,1.750206828,0.488298923,0
33291,2.756744146,4.774312973,0.744981358,0.658327699,0.485053807,0
33290,2.420767307,4.488181591,0.747592858,1.61716485,0.485053807,0
37268,3.445750475,4.960417747,0.727019468,1.728673935,0.481632292,0
29897,2.509193659,4.524570465,0.777724911,1.257357001,0.488298923,0
11576,2.931471825,4.430157661,0.74503381,1.284236908,0.481632292,0
6594,2.685733557,4.834179878,0.767594527,0.925320983,0.485053807,0
29907,2.39727664,4.514359474,0.774199136,0.616486669,0.485053807,0
54797,2.931471825,4.795292377,0.750096026,1.931641221,0.481632292,0
10326,2.931471825,4.709196091,0.758901236,0.590568781,0.481632292,0
876,3.040045738,3.556040287,0.716576288,3.205178499,0.481632292,0
54798,2.931471825,4.941433907,0.759812822,0.937086046,0.481632292,0
37269,3.040045738,4.584683418,0.731301471,5.335105419,0.481632292,0
7680,2.446427584,4.734404087,0.782188729,1.388194561,0.487565398,0
30827,2.970468283,4.032930851,0.701902915,2.754913807,0.480628461,0
54796,3.27550745,4.998492241,0.758721941,1.896319985,0.484141141,0
30826,2.970468283,4.248556137,0.709152389,1.18351984,0.480628461,0
19694,3.27550745,5.095127583,0.788790245,0.508303344,0.484141141,0
6586,1.963471532,3.1916008,0.702209931,2.10161829,0.480628461,0
19693,2.420046091,4.617835522,0.787269902,3.58703208,0.484141141,0
11082,2.225278854,5.329501152,0.885513849,1.345493436,0.490812421,0
25615,2.331013441,3.481920481,0.692080184,1.747982144,0.480628461,0
33319,3.130784273,4.938054085,0.808296414,0.957238138,0.484141141,0
25616,1.963471532,2.794221401,0.706573176,1.575246334,0.480628461,0
31787,2.370484352,3.025845051,0.721225953,3.281089306,0.480628461,0
5520,2.71381259,5.08951807,0.850969868,2.732332468,0.487565398,0
11575,2.51760602,4.39640379,0.820416598,4.677074909,0.484141141,0
25622,2.40934515,4.94555378,0.887787529,2.158919096,0.490812421,0
10741,2.811335087,4.433439732,0.796646511,0.142726541,0.484141141,0
25629,2.563037872,5.121100426,0.89594531,2.603750229,0.490812421,0
1990,2.321526527,4.62830019,0.902972335,0.911614418,0.487565398,1
28550,2.357843876,4.097712517,0.802942353,1.958672047,0.480628461,0
29069,2.843257189,5.074793816,0.885816506,3.738777876,0.484141141,0
896,2.321526527,5.094531059,0.914476615,2.712322712,0.487565398,0
51022,2.321526527,5.51796484,0.918772487,2.712322712,0.487565398,0
32650,2.681317329,4.415880203,0.828940416,0.736826599,0.484141141,0
51023,2.996251822,5.580335617,0.920102733,2.326869249,0.487565398,0
7678,2.775103569,5.564351082,0.956947071,1.611192107,0.490812421,0
1982,2.145826578,4.187408924,0.903579858,0.830406785,0.484141141,0
6591,2.775689602,5.342316151,0.939378538,2.663333654,0.490812421,0
28549,2.451998711,4.33000946,0.835228988,0.607990503,0.480628461,0
5540,2.795651913,5.213546276,0.924626545,0.175925449,0.487565398,0
25643,2.646201611,5.026022434,0.926255173,1.613237143,0.487565398,0
42172,2.467291355,4.422959805,0.86557303,2.887968779,0.486655086,1
42171,2.467291355,4.897285938,0.877458611,2.887968779,0.486655086,1
31798,2.561122417,4.626968861,0.892240726,1.035686851,0.486655086,0
4572,2.795651913,5.130077839,0.939658294,1.547538996,0.490087807,0
5541,2.712165117,5.132227421,0.944773157,2.491113186,0.490087807,0
10909,3.097809792,5.770501614,0.963430357,0.399470836,0.490087807,0
37357,2.60397315,5.361102581,0.979651152,2.672850609,0.493347824,0
42173,2.934184074,4.78368187,0.883848919,2.108592749,0.486655086,0
10891,3.097809792,5.740721226,0.969491898,0.399470836,0.490087807,0
11556,2.60397315,5.092401981,0.99063098,2.061871052,0.493347824,0
882,2.49466753,4.344665051,0.882218856,2.108592749,0.486655086,0
6589,2.212949514,4.288422108,0.95763548,1.534327507,0.486655086,0
5090,2.212949514,4.546302795,0.951908971,1.581846237,0.486655086,0
38283,2.268212557,4.827855587,0.9686951,2.176152468,0.490087807,0
7453,2.712165117,5.312736034,0.973890377,3.239103317,0.490087807,0
40913,2.417851448,4.717898369,0.938636357,2.698047876,0.486655086,0
37358,2.602908134,5.359787464,0.997149233,1.453999281,0.490087807,0
6585,2.745580673,4.78367281,0.950611164,1.032097697,0.486655086,0
25654,2.602908134,5.258708477,1.002361638,0.91158396,0.493347824,0
23348,3.04485321,4.785602093,0.867206485,1.622720361,0.483135432,0
37359,2.661480188,4.963543415,1.008503333,0.844511986,0.490087807,0
5089,2.448047161,4.845685482,0.97574889,2.464057684,0.486655086,0
11567,2.488007784,5.426736832,1.05890463,1.019619584,0.493347824,0
4571,2.863958359,5.560205936,1.009256527,0.606166244,0.490087807,0
8463,2.220888853,5.313332081,1.058564372,1.214674354,0.493347824,0
49628,2.403624296,4.92156601,1.006728379,1.376126647,0.490087807,0
49624,2.403624296,4.88375473,1.017401448,1.960304856,0.490087807,0
4570,2.745160818,5.543368816,1.031790862,2.182594776,0.490087807,0
49629,2.759446383,5.01838541,1.00844559,2.151690245,0.486655086,0
51175,2.220888853,5.40491581,1.066834328,0.868562758,0.493347824,0
883,2.069584131,4.615927219,1.032248982,3.888294697,0.490087807,0
51176,2.522774696,5.46332407,1.070615969,1.075878859,0.493347824,0
49627,2.759446383,5.104313374,1.023134016,1.563072324,0.490087807,0
5052,2.155553341,5.531657696,1.064182687,3.8054986,0.490087807,0
25668,2.378397703,5.556882858,1.104341912,1.213664532,0.493347824,0
43463,3.11857152,5.643603802,1.039403418,0.667686939,0.486655086,0
4569,2.563744307,5.658508301,1.110350655,0.411292195,0.493347824,0
43462,2.379811764,5.294825554,1.038980755,4.105575085,0.486655086,0
13742,2.726252794,5.27746439,1.017506699,2.807827711,0.489175767,1
31735,2.772723198,4.15003252,0.905015721,2.738722086,0.478614002,0
4929,2.468737841,5.574875832,1.135448759,0.775450587,0.495901793,0
48543,2.15718627,5.046797752,1.106908253,1.306664944,0.492620826,0
6593,2.468737841,5.636826038,1.144294001,0.933908641,0.495901793,0
5221,2.953369856,5.24149704,1.077127672,1.310774207,0.489175767,0
51122,2.557569742,4.047392368,0.939724064,0.468943328,0.478614002,0
23332,2.557569742,4.047392368,0.941129911,0.468943328,0.478614002,0
4595,2.87004137,4.319155216,0.93866308,0.679843545,0.478614002,0
11040,2.728065968,4.039999962,0.934452776,1.264587283,0.478614002,0
10742,2.069132566,5.11366272,1.142884869,1.481916904,0.492620826,0
11063,2.613214254,6.004825592,1.177146515,3.699735641,0.495901793,0
28595,2.803925514,6.563112259,1.191162768,2.346051216,0.495901793,0
9759,3.418720961,6.429616451,1.173244259,1.822201252,0.495901793,0
9761,3.418720961,6.429616451,1.173244259,1.822201252,0.495901793,0
4928,3.412421942,6.597992897,1.192314195,3.699735641,0.495901793,0
25686,2.535372972,5.343046665,1.155614233,1.076275706,0.492620826,0
54841,2.841727495,4.139113903,0.934372634,3.055764914,0.475152642,0
4593,2.422369957,3.808023691,0.956997,1.777569771,0.478614002,0
39584,3.418720961,6.740911484,1.196041692,2.448476315,0.495901793,0
11551,3.085016012,5.867938995,1.140910542,4.065158367,0.492620826,0
27445,2.632923603,4.581123352,1.000499274,1.711554646,0.482115626,0
13738,3.347604036,5.635942459,1.053163483,0.52168256,0.485649228,0
13740,3.347604036,5.635942459,1.053163483,0.52168256,0.485649228,0
39583,2.330753803,6.21464777,1.204577207,4.498416901,0.495901793,0
22275,3.671490431,7.047722816,1.216828267,1.163464665,0.495901793,0
38891,2.818648577,5.812685013,1.180312479,1.268365622,0.492620826,0
23331,2.757331848,4.581874371,1.023056419,1.087320566,0.482115626,0
51121,2.757331848,4.644147396,1.024562884,1.087320566,0.482115626,0
28562,2.664214611,4.584143639,0.987368584,3.188454866,0.475152642,1
25698,3.686338663,6.878843784,1.244330537,3.171037912,0.495901793,0
4575,2.330753803,5.24809885,1.224226785,2.326951742,0.495901793,0
41169,2.995550632,4.712985992,1.014926976,1.852317333,0.478614002,0
38890,2.818648577,5.608551502,1.187672857,1.990187764,0.492620826,0
4577,2.48065114,5.864701271,1.22437294,2.757079124,0.492620826,0
37737,2.952421665,4.765975475,1.02639894,0.357091367,0.478614002,0
37736,2.952421665,4.693034649,1.024186795,0.357091367,0.478614002,0
23333,2.741771698,5.900661945,1.229626481,2.551588774,0.492620826,0
884,2.443586349,5.13742733,1.197925078,1.142133594,0.492620826,0
39586,2.957166195,4.804737568,1.046335189,0.905652881,0.478614002,0
37712,2.896692276,4.655144215,1.039723079,2.416113138,0.478614002,0
23327,2.801542282,4.933031082,1.057507778,0.390217751,0.482115626,0
5538,2.897546053,5.996170521,1.245711025,3.099359751,0.495901793,0
28563,3.338565826,4.91213274,1.017432771,1.803299904,0.475152642,1
51123,2.801542282,4.785129547,1.065337054,0.390217751,0.482115626,0
25702,2.68930769,6.489871025,1.268151539,3.777257204,0.495901793,0
5054,2.897546053,6.361049652,1.254618099,1.466932178,0.492620826,0
28591,2.726085663,4.825963497,1.043638838,4.257642269,0.481131703,0
11429,2.364263058,4.176417351,1.055735613,0.875313222,0.481131703,0
25703,2.877069235,5.816965103,1.178017636,0.92065233,0.491701603,0
7450,3.843483925,5.516866684,1.044816485,1.71697557,0.477667361,0
19095,2.844032764,4.223670483,1.01505625,1.348087549,0.47423473,1
43233,3.275719166,4.76947546,1.061704237,2.508709431,0.481131703,0
25706,3.268570662,6.424735069,1.283931541,1.445562005,0.498463035,0
28590,3.843483925,5.536146164,1.060485728,0.436484963,0.481131703,0
19097,2.359698296,4.033998013,1.020447337,5.829496384,0.47423473,1
28657,1.997339845,3.014924288,1.012044265,0.215797961,0.470825613,0
19099,2.716594219,3.939198017,1.033594945,2.681163311,0.47423473,1
19089,2.363975048,3.50911212,1.030293179,1.837773561,0.47423473,1
25712,3.009212255,6.737389565,1.328306695,3.405543566,0.498463035,0
25713,3.009212255,6.737389565,1.328306695,3.405543566,0.498463035,0
5092,3.915982485,5.568252087,1.07635693,0.475468814,0.477667361,0
51798,2.383491516,4.999008179,1.119607126,1.910600662,0.481131703,0
19094,2.716594219,4.121364117,1.044332113,0.91604495,0.47423473,1
28658,1.930140853,3.066839695,1.031955534,0.23280704,0.470825613,1
23334,2.858011007,5.72650671,1.252621949,2.172058582,0.495158762,0
5516,3.815017223,7.331190586,1.324552625,2.817398071,0.498463035,0
19101,2.716594219,4.03313303,1.052877927,0.709374189,0.47423473,1
19103,2.884914637,4.40663147,1.064346349,0.525531888,0.477667361,1
5140,2.393382788,6.301290512,1.34098088,6.261610508,0.498463035,0
11044,2.769505024,4.910218716,1.142230486,2.615736961,0.484635144,0
19087,2.536685944,3.877456903,1.057582503,1.496578336,0.47423473,1
32574,3.815017223,7.463324547,1.339056835,2.597332716,0.498463035,0
32231,2.650305271,5.022314548,1.144593597,0.496018231,0.481131703,0
51771,3.415524483,5.459756374,1.127571053,0.352994353,0.481131703,0
8462,1.870080471,3.077265263,1.074813917,1.277803421,0.470825613,0
23336,4.00326252,7.341411114,1.355819055,3.188727856,0.498463035,0
4937,3.811914921,5.470348835,1.124144357,0.489177972,0.477667361,0
25718,2.755749226,6.324397087,1.382837876,4.937401772,0.498463035,0
11054,1.256959677,2.278518438,1.0901889,0.690241933,0.470825613,1
19093,2.774966955,4.26783514,1.107328411,0.511710227,0.47423473,0
19091,2.781823158,4.384255886,1.117489094,0.338115454,0.477667361,0
51772,3.514941216,5.486468792,1.154194283,0.553365827,0.481131703,0
43707,2.662099123,6.210642338,1.402810628,5.153703213,0.498463035,0
25722,3.686794043,7.291897297,1.395061831,0.890984356,0.498463035,0
32232,2.666642904,4.818903446,1.177431311,0.143857926,0.481131703,0
8461,2.862507105,5.748078346,1.297584185,0.556774676,0.491701603,0
19081,2.831117153,4.449544907,1.133288646,0.522788763,0.477667361,0
48819,2.608683109,4.91787672,1.189946376,0.529507577,0.481131703,0
48820,2.666642904,4.77182436,1.191703159,0.143857926,0.481131703,0
25725,2.662099123,6.097258091,1.422396518,2.430579424,0.498463035,0
23427,2.862507105,5.960845947,1.305293158,1.023556709,0.491701603,0
25727,2.401428938,4.975235462,1.217839369,3.363454342,0.484635144,0
43708,3.686794043,7.234693527,1.417315399,0.78639847,0.498463035,0
888,2.697581053,4.719892502,1.187755061,0.992676198,0.481131703,0
887,2.407151461,4.919290543,1.227592504,1.377631545,0.484635144,0
6551,2.407151461,4.770390511,1.227393833,1.377631545,0.484635144,0
43709,3.678359509,7.32612133,1.424048191,1.097903013,0.498463035,0
19082,2.874479771,4.440244198,1.160205399,0.60640192,0.480199873,0
23335,3.295258999,6.632359028,1.388438216,1.618415475,0.497694403,0
25729,3.678359509,7.152165413,1.437245665,0.78639847,0.501019597,0
7447,2.487443447,3.942355633,1.144504691,2.241945505,0.476765603,0
19083,3.156502485,4.35651207,1.192338836,2.282528877,0.480199873,0
23625,3.438578606,5.983028412,1.301272536,2.800652742,0.494229168,0
15819,2.28019762,3.872625589,1.152400913,2.483862638,0.473352671,0
4936,3.213913441,6.005653858,1.245094284,4.3396945,0.487165362,0
25731,3.838497877,6.044511795,1.256541761,4.789167404,0.487165362,0
25732,3.838497877,6.568555832,1.261623468,2.724138737,0.487165362,0
17473,2.77993679,5.625786781,1.295328183,3.448952675,0.490698129,0
23624,3.295425177,5.917485714,1.321637109,2.950943232,0.490698129,0
8453,2.256825447,5.017112255,1.290555513,0.760082722,0.487165362,0
19084,2.829305172,4.423740387,1.203728604,0.503306329,0.480199873,0
17474,3.06342864,5.669270515,1.302554082,2.072038412,0.490698129,0
23627,2.818855047,5.736538887,1.360139857,0.55765146,0.494229168,1
11432,2.714834452,5.447488785,1.320538643,0.784916461,0.490698129,0
5537,2.793213129,4.06085825,1.201648789,2.366842985,0.473352671,0
19085,2.730293274,4.534713745,1.230894054,0.907948434,0.480199873,0
33828,2.704199314,4.96454525,1.28515565,0.516830921,0.483663917,0
885,2.910852194,6.002967834,1.422448616,0.802549601,0.497694403,1
7674,2.294972181,5.557509899,1.324627117,3.255036592,0.487165362,0
19086,2.80399394,4.605346203,1.257001279,0.735526979,0.480199873,1
23631,2.295763016,5.309876442,1.387961056,0.923122704,0.494229168,0
14662,2.943139553,4.221349239,1.238108809,1.764037728,0.473352671,0
14287,3.210686922,4.297298431,1.198168815,3.133604527,0.469955474,0
14663,3.081914186,4.387384892,1.247172404,3.165300131,0.473352671,0
11060,3.150078773,5.275916576,1.261280808,2.120394707,0.476765603,0
1991,2.107587337,3.403603077,1.256895827,1.497654676,0.469955474,0
37281,2.795094013,4.062286854,1.237074704,1.222619414,0.469955474,0
4480,2.037840366,3.883734703,1.258549885,2.101518869,0.473352671,0
37280,2.192406178,3.713552475,1.261098112,1.81535697,0.469955474,0
11428,2.617537022,5.355122089,1.358870803,0.870759368,0.487165362,0
32350,2.343796015,5.081330299,1.373440657,1.017608643,0.490698129,0
32349,2.343796015,4.973483562,1.38176204,0.514928699,0.490698129,0
29471,2.992041588,4.37739706,1.269535438,1.404498935,0.473352671,0
39024,3.323116779,4.593439579,1.163677962,0.707331598,0.469955474,0
5367,3.780017376,5.527187347,1.279926894,2.647703171,0.476765603,0
5515,3.780017376,5.527187347,1.280005468,2.647703171,0.476765603,0
16973,2.698138475,4.043425083,1.230597713,1.628088951,0.469955474,0
14664,3.310076714,4.787794113,1.277510667,1.460723281,0.473352671,0
40918,3.340013742,5.120334148,1.283244115,2.788414717,0.476765603,0
32351,2.447293043,5.143426418,1.391450406,0.201513633,0.490698129,0
29466,3.310076714,4.499875546,1.286520094,1.074037671,0.473352671,0
42761,2.992041588,4.300888062,1.287463187,1.074037671,0.473352671,0
11319,3.246883154,5.440803528,1.291779681,3.712242365,0.476765603,0
11048,2.197296619,4.971492767,1.419241034,0.759360492,0.490698129,0
42762,2.992041588,4.314612389,1.296444032,0.483180046,0.473352671,0
50086,2.518341541,4.95115757,1.383978667,0.173303291,0.487165362,0
40485,2.849661827,4.450867176,1.150677477,2.158315897,0.472498357,0
25754,4.07846117,5.243233681,1.301342339,2.478307247,0.4793154,0
16974,1.819873929,3.491107941,1.256546569,2.980925798,0.472498357,0
34225,2.887774706,4.860224724,1.352644996,0.55831182,0.486209482,0
50084,2.471761227,5.271972656,1.4321308,1.426553607,0.49323082,0
10723,2.191346884,5.13262558,1.476399506,0.43354246,0.496755719,0
37801,2.191346884,5.10160017,1.477126319,0.43354246,0.496755719,0
40917,3.649782896,4.958250999,1.326016733,3.337313414,0.475900769,0
25759,3.649782896,5.123358727,1.330515405,3.312763214,0.475900769,0
39025,1.801311374,3.63053298,1.227595905,2.92587471,0.472498357,0
25760,3.550085545,5.53440094,1.354107426,1.212954044,0.482748657,0
37800,2.106581688,5.097276211,1.491420306,0.227248013,0.496755719,0
25766,1.825150847,3.160259008,1.267397021,0.513049424,0.472498357,0
4558,1.825150847,3.303016663,1.29040067,1.743973851,0.472498357,0
43776,3.550085545,5.500031948,1.375742427,0.76632911,0.482748657,0
25768,3.602030277,5.535571575,1.374645988,0.196810827,0.4793154,0
25771,1.813708901,3.250195265,1.284029275,1.228674054,0.472498357,0
11537,3.432813644,5.551389217,1.391007429,1.043638706,0.482748657,0
11061,3.31567955,4.8939147,1.377305194,3.607508421,0.4793154,1
43775,3.570237398,5.550952435,1.396167928,0.751956999,0.482748657,1
10714,2.060153961,5.015814304,1.540609688,0.676613688,0.496755719,0
25776,1.813708901,3.384282827,1.29625772,1.528171897,0.472498357,0
15925,3.021211624,4.309434414,1.075312361,1.841117263,0.469102263,0
50085,2.910593987,5.665022373,1.49894529,0.180112138,0.489705384,0
4708,2.326634645,3.542950153,1.182956935,2.57335639,0.472498357,0
31167,3.205426216,5.473504543,1.420364722,1.228401303,0.482748657,1
54906,2.308701754,3.857295752,1.403764756,1.27709949,0.475900769,1
50087,2.672676563,5.201716423,1.491172961,0.845039845,0.489705384,1
11318,1.828021049,3.548403263,1.405954793,0.776791096,0.475900769,1
889,3.406654835,5.357039452,1.420390905,0.510491729,0.4793154,1
52385,2.873812914,5.191178322,1.461406499,1.311167359,0.482748657,1
8467,3.169158459,4.879206181,1.428191257,1.803851724,0.4793154,1
50088,2.616901875,4.995900631,1.517065992,0.631670654,0.486209482,0
40256,1.929733157,3.761540174,1.409372173,1.856648803,0.475900769,1
56300,2.928016663,4.960875511,1.479950653,1.14797616,0.482748657,1
40480,1.923290491,3.601454973,1.360576144,1.458324671,0.475900769,1
22264,3.69696331,7.262043953,1.737282873,2.478512764,0.50356406,0
11544,2.663243055,4.763315678,1.494991042,1.208782911,0.486209482,1
51805,1.748735428,3.198353529,1.195691262,1.065699697,0.472498357,0
50090,3.062190056,5.771046638,1.57079884,0.333600402,0.49323082,1
22265,3.69696331,7.240934372,1.746467537,1.889505744,0.506092846,0
50091,2.52036047,5.294862747,1.598073232,1.006323934,0.495766431,1
40257,2.094700813,3.769152403,1.463256677,1.128327847,0.478464514,1
11326,2.154606819,3.818381548,1.475785545,1.910925984,0.48187995,1
4484,1.851310015,3.22343421,1.190154578,0.355389178,0.47505638,0
37109,2.64932251,4.451960564,1.49950848,1.494243741,0.485310495,1
22263,4.020071507,7.372995853,1.762266016,1.992277026,0.506092846,0
25791,2.789666891,4.727910519,1.526187603,2.240113974,0.485310495,1
43659,2.64932251,4.606830597,1.520239774,1.185883641,0.485310495,1
25798,2.655136585,4.67624855,1.534588475,1.545605302,0.485310495,1
5069,1.950358629,3.557102919,1.330392814,1.509003758,0.47505638,1
5261,1.972355366,3.492268324,1.324856288,0.66481775,0.47505638,1
37110,2.332675695,4.280751705,1.522029815,2.238883972,0.485310495,1
15924,3.092496395,4.233438492,1.040934286,1.565508246,0.471648663,0
5056,1.796181798,3.054306269,1.189346917,0.492471039,0.47505638,0
5055,2.505300045,4.555800915,1.531827285,0.860617578,0.485310495,1
31716,1.796181798,3.200917959,1.166258266,0.553207517,0.471648663,0
40258,1.981335521,3.751493931,1.47003513,1.162225366,0.478464514,1
37665,2.558319092,5.76859951,1.722053369,1.003434181,0.502739668,0
43913,3.092496395,4.344596863,1.063215974,0.856055319,0.471648663,0
4651,2.084001303,3.676569939,1.28584526,1.863398671,0.47505638,0
25802,2.25136447,2.423483372,0.348849735,2.730816364,0.454732507,0
37666,2.558319092,5.759886265,1.733099781,1.003434181,0.502739668,0
51893,3.465666294,6.639610291,1.770016611,2.323243856,0.506092846,0
43660,2.505300045,4.293543816,1.545396428,1.596468568,0.485310495,1
51894,3.465666294,6.797729492,1.781115171,2.323243856,0.506092846,0
51892,3.465666294,6.492201805,1.776286619,1.431497335,0.506092846,0
11059,2.447917223,5.551713943,1.728264727,0.686257243,0.502739668,0
37664,2.558319092,5.846422672,1.738800837,0.68799746,0.502739668,0
25811,2.25136447,2.314642429,0.352992775,2.008370638,0.454732507,0
51897,3.904237747,7.191280842,1.796178119,3.405960321,0.506092846,0
43661,2.23274374,3.963507652,1.554983042,0.824701548,0.485310495,1
43912,2.578980446,3.561212301,1.097701468,4.190387726,0.471648663,0
8323,2.610951424,5.630228996,1.727494151,0.889116526,0.502739668,0
8466,2.610951424,5.630228996,1.727494151,0.889116526,0.502739668,0
51895,3.135861635,6.484557629,1.795073307,2.193564653,0.506092846,0
31719,1.87638104,3.165694952,1.147088593,0.267437607,0.471648663,0
54534,2.651432276,5.84483099,1.768561217,1.915352821,0.502739668,0
24330,2.408738136,5.204676151,1.67504376,0.88225776,0.495766431,1
51890,3.135861635,6.484745979,1.794349178,1.431497335,0.506092846,0
51896,3.135861635,6.657913208,1.80486758,3.405960321,0.506092846,0
50089,2.81095171,5.397033691,1.652886525,0.959646821,0.492253095,1
29546,1.739589334,2.01446867,0.343174881,1.169551015,0.454732507,0
11062,1.947656035,3.144757748,1.128696759,1.184996247,0.471648663,0
54535,2.651432276,6.04178381,1.771363114,1.079255939,0.502739668,0
19794,1.947656035,3.165539026,1.135611342,0.236264035,0.471648663,0
20741,2.12679863,4.889724731,1.714833195,0.55128938,0.499278396,0
11435,4.4786973,7.892972946,1.835157865,1.981640935,0.506092846,0
51891,3.135861635,6.544639587,1.811328914,2.922724247,0.506092846,0
31720,3.490894318,4.711801052,1.00087514,0.79722178,0.468234777,0
11012,2.47474575,4.777437687,1.624230863,1.694673419,0.488765955,1
43805,2.514535666,4.839447975,1.646402366,0.560140848,0.488765955,1
19795,1.937773943,3.195074558,1.166352308,0.526231587,0.471648663,0
54536,2.945317268,6.079035282,1.792884679,1.026625752,0.502739668,0
39023,1.997236729,3.299198627,1.128137045,0.272594064,0.471648663,0
37525,1.884207368,2.157371521,0.327646512,0.685561061,0.454732507,0
47787,3.797412872,4.380785942,0.836839758,3.217708111,0.464823812,0
43806,2.24904561,4.720015526,1.662396556,1.589517713,0.492253095,1
29502,2.831437349,4.25396347,1.060773401,2.581093788,0.471648663,0
20744,2.119743109,3.766869545,1.595191328,0.361926824,0.48187995,1
5001,1.773656726,1.995088458,0.365601977,0.652486384,0.454732507,1
15310,2.797720432,2.769967556,0.435063506,3.257727623,0.454732507,1
11289,2.514535666,4.769824028,1.659679831,0.099558756,0.488765955,1
5231,1.773656726,1.984668493,0.370233807,0.652486384,0.454732507,1
37526,2.069813013,2.360378742,0.315827766,0.155006051,0.454732507,0
37103,3.748921394,4.891373158,1.014683189,1.043569446,0.468234777,0
25823,2.638873577,4.775463581,1.640241565,0.928177595,0.488765955,1
11291,2.24904561,4.562271118,1.673869309,0.655355096,0.488765955,1
48214,1.997236729,3.124034882,1.134679898,0.699952662,0.471648663,0
11440,3.043378592,6.19004631,1.821474969,4.352823734,0.502739668,0
5088,4.172938347,7.637866974,1.855064862,0.485822856,0.506092846,0
11288,2.483252048,4.752898693,1.682361636,1.360235453,0.488765955,1
37654,1.955239773,3.075793028,1.113251849,0.204536274,0.471648663,0
47786,4.30435133,5.007311821,0.838930157,2.059932232,0.464823812,0
6544,2.257757425,4.518734932,1.696196788,1.129335284,0.492253095,1
27674,3.689904213,4.826754093,1.004918174,0.542913854,0.468234777,0
33908,2.374759674,4.511107922,1.6696307,0.677478254,0.488765955,1
30538,2.072788239,3.470379353,1.306415254,2.1959517,0.47505638,0
33829,1.942853451,4.492614269,1.727022373,0.349295437,0.495766431,0
43474,2.010190964,2.281144381,0.347986411,0.425582528,0.457196176,0
5708,3.115289211,4.347547531,1.046671807,5.624080658,0.470760107,0
37656,1.904446244,3.103702307,1.137308778,0.339975685,0.474201113,0
48215,1.904446244,3.22579217,1.15710969,0.339975685,0.474201113,0
32756,2.483252048,4.685305119,1.699418912,0.614678264,0.491327912,0
25828,2.747245312,4.747215271,1.664668639,0.38340202,0.487879276,1
32757,2.205550194,4.601137638,1.704290575,0.551965535,0.49480316,0
886,3.676493406,6.38398695,1.856107453,4.983421803,0.505241036,0
30539,2.072788239,3.6385746,1.324071343,0.60706377,0.477621615,0
37655,1.955239773,3.103325129,1.129267963,0.796391189,0.474201113,0
5262,2.115814209,3.2655828,1.09925414,0.536340058,0.474201113,0
27672,3.115289211,4.095141411,1.03867438,3.089997053,0.470760107,0
37658,2.307082176,4.311271667,1.736028851,0.679961741,0.49480316,0
40814,1.738433361,3.126314878,1.243931158,0.330283731,0.477621615,0
32755,2.410083532,4.676743507,1.714432395,1.109674573,0.491327912,0
27585,2.052427292,2.400643587,0.343283813,0.481188267,0.457196176,0
47828,4.458828926,5.110609055,0.856773328,0.566259086,0.467295915,0
9231,1.939050794,3.258213758,1.281544415,1.103402019,0.477621615,0
37743,3.275557041,4.17880249,0.996415016,1.368746758,0.470760107,0
39428,3.509909868,6.843657017,1.873373806,2.444733381,0.505241036,0
27584,2.052427292,2.346229315,0.345851527,0.481188267,0.457196176,0
16268,2.544358253,5.025444031,1.757786023,1.278109431,0.49480316,0
20742,2.43550849,5.385987282,1.82880075,1.645522356,0.501791239,0
86,2.03574276,2.160734653,0.310890102,0.699891329,0.453836918,0
37657,2.307082176,4.837831974,1.752524987,0.679961741,0.49480316,0
40484,3.275557041,4.238831997,0.97978113,0.513011873,0.470760107,0
9862,2.422827482,4.390465736,1.722673247,0.431588173,0.491327912,1
37744,3.275557041,4.193036079,1.003642293,1.215201139,0.470760107,0
908,2.209612131,5.096708775,1.803625025,1.274194479,0.501791239,0
43658,4.202635765,4.873625755,0.895878532,0.605293572,0.467295915,0
17598,2.18221283,3.877528667,1.689801085,0.739454269,0.487879276,0
8306,2.161982536,3.057334423,1.081197303,0.88704282,0.470760107,0
25840,1.999774814,2.280673981,0.390138638,0.055630181,0.457196176,0
25841,2.083226204,2.348561525,0.371874991,0.453647912,0.457196176,0
47829,3.964019299,5.134181499,0.856557137,3.246905565,0.467295915,0
4710,2.337050676,3.981014729,1.019785485,3.801586151,0.470760107,0
40815,2.003414154,3.149220467,1.183963888,0.425284177,0.474201113,0
9228,1.963326573,3.291180611,1.332540021,0.679220855,0.477621615,0
9221,1.780802965,3.226288319,1.354892396,0.513106406,0.477621615,0
1985,1.745637417,4.551017284,1.820136218,0.561726689,0.501791239,0
30530,2.228528976,4.030701637,1.700327849,1.005685091,0.487879276,0
6538,2.117407799,3.315642834,1.114487246,1.977361679,0.474201113,0
39022,2.121918917,2.11491704,0.273295369,0.870274484,0.453836918,1
38899,4.112306595,4.606561661,0.972486682,3.563792944,0.470760107,0
43657,3.964019299,4.787569523,0.878136085,3.246905565,0.467295915,0
18666,4.132655621,4.801787376,0.916374535,0.535823286,0.467295915,0
37567,1.92736733,2.206052065,0.332459156,0.986708701,0.457196176,1
11240,1.774629474,2.971979856,1.289417927,0.200717911,0.477621615,0
10606,1.581823111,3.06010747,1.401496755,0.644478261,0.481035262,0
38898,4.112306595,5.15149498,0.964503518,3.485466003,0.470760107,0
879,1.909527898,2.946702003,1.096710128,0.837106824,0.474201113,0
19525,3.059483528,6.192001343,1.952651287,1.425584435,0.508602381,0
43656,4.132655621,4.490271568,0.891114192,3.490837574,0.467295915,0
81,1.810059428,2.350326538,0.513110792,0.307472765,0.460566908,0
30531,2.312195778,4.070000172,1.716136816,0.390347481,0.487879276,0
38897,4.112306595,5.028281689,0.98621822,4.150370598,0.470760107,1
20955,2.627468586,5.133325577,1.816658354,1.484151959,0.498298675,0
9224,1.638950825,3.381212711,1.362826368,1.908479095,0.477621615,0
19722,1.862344384,2.037373304,0.386917697,0.312744349,0.457196176,1
37568,2.169300318,2.322515726,0.331218283,0.153969929,0.453836918,1
40816,2.020295143,3.322522879,1.280366627,1.067825675,0.477621615,0
15921,2.756917477,3.071735382,0.612780463,9.650704384,0.460566908,0
1986,2.950029135,6.345643044,1.945820745,1.305690527,0.508602381,0
40639,1.693032384,2.961919069,1.304409032,0.879478157,0.477621615,0
5743,2.169300318,2.324507952,0.31791225,0.638952971,0.453836918,1
27581,3.278979063,3.717001438,0.952691436,4.664313316,0.470760107,0
9227,1.904718161,3.282701254,1.342867562,1.287424564,0.477621615,0
20726,2.235547304,5.135676384,1.891594879,0.918058276,0.501791239,0
41261,2.437385321,4.831329823,1.832019121,0.256858975,0.49480316,0
41262,2.217125177,4.712456703,1.836775046,0.5523417,0.49480316,0
6408,3.494229794,3.754560709,0.903502606,3.72189045,0.467295915,0
44055,1.862344384,2.286771536,0.394869777,1.605917335,0.457196176,1
11329,1.899048328,3.744386435,1.749218701,0.845683277,0.487879276,0
6407,1.952608943,2.24755764,0.482905654,0.83426106,0.457196176,0
9056,2.109729052,2.325702667,0.333431204,0.579430461,0.453836918,1
27692,2.791698933,3.635316849,0.953968521,1.702803135,0.467295915,0
27691,2.526102066,3.431087732,0.972890534,1.831168532,0.470760107,1
44056,2.142888784,2.44956708,0.380181762,0.168324947,0.457196176,1
4600,2.667951822,4.84542942,1.828709395,1.183756828,0.49480316,1
17666,2.411867142,5.510383129,1.945360408,1.961307287,0.505241036,0
890,2.550393581,4.703269005,1.834747096,1.008716702,0.49480316,1
25847,4.714868069,5.107357025,0.841007187,3.549515486,0.467295915,0
41260,2.458603144,4.794294834,1.849855929,0.237722635,0.49480316,0
43711,2.550393581,4.888569355,1.841862413,1.008716702,0.49480316,1
44057,2.142888784,2.417387486,0.396306995,0.198169708,0.457196176,1
25849,4.714868069,5.326290607,0.872019073,2.293582916,0.467295915,0
27354,4.262367249,5.318295479,0.838792486,3.802611351,0.467295915,0
11236,1.555285335,2.79474473,1.361746649,0.362119913,0.477621615,0
37540,2.092104197,2.211450815,0.232748231,0.17318733,0.453836918,1
15315,2.760335922,3.452969313,0.960447504,2.332732439,0.469712079,1
17668,2.139904022,4.689816475,1.900400617,0.913564086,0.500816286,0
56362,1.835769296,3.123137951,1.258406576,1.064148784,0.476752937,0
43710,2.522846699,4.842111588,1.859493634,0.755615115,0.497343719,0
5230,1.877861738,1.901032209,0.34408888,1.241275311,0.45629102,1
38447,2.075256586,2.211933851,0.246954945,0.159029379,0.45629102,1
11327,1.728605986,2.79803586,1.231074746,0.136684254,0.476752937,0
25850,1.992810249,2.058121681,0.315067926,0.426653832,0.45629102,1
30639,5.035285473,6.006196976,0.744836077,8.555065155,0.466378301,0
4707,5.453221321,6.10104084,0.806177997,0.751621664,0.466378301,0
27353,4.702591896,5.357685089,0.86285356,3.880661249,0.469712079,0
4682,1.955856562,2.20651269,0.50595688,1.238693953,0.459658325,1
22278,2.174715042,2.357586861,0.374806538,1.209491372,0.459658325,1
56363,1.999985933,3.187019825,1.28207618,0.268399835,0.480183452,0
8315,2.490436554,4.749885082,1.901563491,0.23805669,0.497343719,0
15923,4.702591896,5.357685089,0.865080262,3.880661249,0.469712079,0
44708,1.877861738,2.190720797,0.35400657,1.241275311,0.45629102,1
48863,1.877861738,2.190720797,0.353868557,0.992731869,0.45629102,1
22279,2.174715042,2.372335911,0.381609036,0.336903542,0.459658325,1
83,1.877861738,1.866742849,0.342501188,0.992731869,0.45629102,1
38446,1.977256656,2.169172525,0.25399938,0.090323009,0.45629102,1
30638,5.27118206,6.055531025,0.767543088,8.484097481,0.466378301,0
22280,2.181622505,2.464289665,0.39215538,0.336903542,0.459658325,1
25851,2.039535284,2.169126511,0.287146817,0.115041599,0.45629102,1
1950,2.324080229,2.743671894,0.688421172,1.466616035,0.466378301,0
48864,2.181622505,2.301676035,0.377705856,0.336903542,0.459658325,1
44709,2.181622505,2.301676035,0.377567843,0.336903542,0.459658325,1
82,2.039629459,2.160328388,0.49633514,1.177488685,0.459658325,1
25852,2.101555347,2.253275394,0.336944988,0.992731869,0.45629102,1
38448,1.977256656,2.189600229,0.234862599,0.607041001,0.45629102,1
5161,2.181622505,2.306349754,0.365206089,0.784375489,0.459658325,1
11332,2.787139416,4.848912716,1.926578288,1.193583369,0.497343719,1
20687,2.361399174,5.601326942,2.045578931,1.516337395,0.511087716,0
16201,2.409681797,2.866660118,0.62601585,1.127073169,0.463025719,0
895,1.629486442,3.260843039,1.674631279,1.205395341,0.490444958,0
7673,2.68144989,3.338389158,0.730071612,2.313307047,0.466378301,0
46045,2.039535284,2.255885124,0.287975789,0.338508159,0.45629102,1
25853,2.169861555,2.286991119,0.357205486,0.80093354,0.45629102,1
1992,2.199228287,5.149214268,2.018976237,0.217755124,0.507719338,0
1945,2.169861555,2.270784378,0.34676392,0.80093354,0.45629102,1
22417,2.321566582,2.529767036,0.373685603,0.970646143,0.459658325,1
22516,2.058511257,2.980833292,1.13164909,0.284003109,0.476752937,0
10616,1.80418396,3.677368879,1.786123384,0.899326205,0.493884802,0
34505,2.910457134,5.057581902,1.937562508,0.150285691,0.497343719,0
51824,2.910457134,5.057581902,1.937562508,0.150285691,0.497343719,0
880,1.591573358,2.80457592,1.27577501,0.963785768,0.480183452,0
17670,1.617339849,3.124251366,1.5613046,0.749247193,0.487020433,0
22419,2.321566582,2.535427809,0.387576623,0.663783789,0.459658325,1
32566,2.091223001,2.224579096,0.310398803,0.372678041,0.45629102,1
16152,2.669276237,3.262449026,0.644429059,1.270847559,0.463025719,0
881,2.131700039,3.542637587,1.440037551,0.84820503,0.483602852,0
22418,2.321566582,2.506427526,0.392266516,0.663783789,0.459658325,1
6472,2.153655291,2.440741777,0.367172757,0.390145928,0.459658325,1
25854,2.03284359,2.171666861,0.169933188,0.288561195,0.452941,1
34504,2.978659153,5.097777367,1.948726873,1.687476873,0.500816286,0
51823,2.978659153,5.097777367,1.948726873,1.687476873,0.500816286,0
21632,2.64223671,3.29362154,0.941216564,0.388346285,0.469712079,0
20959,2.751646757,4.75676918,1.975812004,1.333141327,0.500816286,0
11045,2.421822309,4.770974636,2.006443484,0.184611663,0.500816286,0
4406,2.030942917,2.191424847,0.312905127,0.833483636,0.45629102,1
20746,2.265632153,3.519964695,1.368948808,0.890822649,0.483602852,0
30303,1.88659811,2.083507299,0.241751569,0.64948988,0.45629102,1
8468,1.864291906,3.358997822,1.678408511,0.79667902,0.490444958,0
25855,2.03284359,2.184584618,0.188464948,0.356181145,0.452941,1
20815,2.225057602,3.214679956,1.15665349,0.631937683,0.476752937,0
5157,2.030942917,2.177311659,0.29479578,1.544208169,0.45629102,1
19038,2.608790398,2.923501253,0.597959592,1.013427734,0.463025719,0
20960,2.236739397,3.510120153,1.41445519,0.607083142,0.483602852,1
9127,1.875219941,2.309649229,0.314773884,0.86740011,0.45629102,1
11036,1.839162707,3.456571341,1.699147732,0.962613165,0.493884802,0
19515,1.960772991,5.162691593,2.170787419,1.239109635,0.511087716,0
23213,3.268669605,3.750440121,0.731924234,0.377689511,0.466378301,1
7742,2.769295692,3.283919573,0.860109991,0.452474236,0.472306371,0
1946,1.89089489,2.13916111,0.413928579,0.817026138,0.462145597,1
41755,2.037028551,2.140000105,0.329660931,1.547878623,0.458767474,1
6304,1.865397215,1.979967237,0.285005532,0.655483961,0.458767474,0
17472,2.415380716,3.051651955,0.998906473,0.172733188,0.475807816,0
20633,2.117266417,5.015953064,2.157440217,1.670636296,0.510167897,0
8469,2.314976454,3.301368475,1.240865689,0.933504581,0.482726395,0
5159,2.12685442,2.549910069,0.509283956,0.842516243,0.465526432,0
17603,2.132356167,3.239675045,1.157984275,1.57127738,0.479282856,0
20729,2.320860386,3.482955217,1.449830431,1.301754713,0.489572048,0
33243,2.293651819,3.756593943,1.654449271,1.934918642,0.49641946,0
34509,2.05892992,4.010000229,1.819901422,1.769493341,0.49985823,0
51828,2.05892992,4.010000229,1.819901422,1.769493341,0.49985823,0
33242,2.293651819,4.019525528,1.62799192,1.296278358,0.492991984,0
84,1.73680234,1.960758805,0.311793778,0.912543058,0.458767474,1
34506,2.40063858,4.052589893,1.851746526,2.135126591,0.49985823,0
51825,2.40063858,4.052589893,1.851746526,2.135126591,0.49985823,0
22510,2.738899946,4.076897144,1.53840815,0.603250623,0.492991984,0
18940,2.882323503,2.409797192,0.19244427,2.949229002,0.458767474,1
41955,2.146480799,5.13287878,2.18200273,0.366451442,0.510167897,0
4705,1.96065855,2.144663811,0.268389256,0.237707451,0.458767474,1
22520,2.794863462,3.274720907,0.788396277,0.598959804,0.472306371,0
18874,2.739066362,5.348233223,2.160678922,0.983565032,0.510167897,0
30925,3.042179108,5.166167736,1.893039757,2.175021887,0.503305197,0
9057,1.842521191,2.089192629,0.336951284,0.392721742,0.458767474,0
30926,2.662996292,4.760336876,1.865836447,3.440192223,0.49985823,0
40640,2.783320904,3.937316418,1.238073805,2.009223223,0.486152619,0
34507,2.138799191,4.016043186,1.829355104,2.859174252,0.49985823,0
51826,2.138799191,4.016043186,1.829355104,2.859174252,0.49985823,0
1947,1.701501608,2.030296087,0.530884545,0.170836374,0.465526432,0
10613,2.624828815,3.92241025,1.445260255,0.393918604,0.489572048,0
23029,2.584358215,4.889890194,1.902436625,0.968337357,0.503305197,0
37727,1.954748392,2.293373823,0.302764831,0.25813508,0.458767474,0
6477,1.954748392,2.294375658,0.311452598,0.25813508,0.458767474,0
17030,2.077403784,4.905081272,2.24859592,1.584409952,0.510167897,0
22514,2.018969536,2.560649395,1.056172251,2.591244936,0.479282856,0
34508,1.978635311,3.700715542,1.789179807,0.472459465,0.49985823,0
51827,1.978635311,3.700715542,1.789179807,0.472459465,0.49985823,0
21354,2.708117723,3.990791321,1.610350801,2.024046659,0.49641946,0
20849,2.048963308,2.028376341,0.268488589,3.003473759,0.458767474,0
17470,2.403159618,2.943955183,0.862089645,0.299548328,0.475807816,0
14934,1.827522278,2.035805225,0.398574018,1.494956613,0.462145597,0
9,2.077403784,4.906531334,2.247707196,1.584409952,0.510167897,0
22517,2.83233881,3.15742135,0.711832974,0.653766811,0.468905389,0
20645,2.016442537,4.839265823,2.178928477,1.608939171,0.510167897,0
8566,1.827522278,2.161602259,0.39227648,2.402589321,0.462145597,0
37725,1.964427948,2.286917925,0.308314918,0.114433795,0.458767474,0
37726,1.964427948,2.366241932,0.29029924,0.341420084,0.458767474,0
20335,2.10144496,2.585995913,0.582153577,5.219592094,0.465526432,0
17607,1.967354655,2.605003357,0.971247775,0.242388159,0.475807816,0
891,2.100438118,4.425232887,2.026941586,0.591562092,0.506748378,0
42267,2.830324888,4.225790024,1.518878701,0.586324215,0.492991984,0
17669,2.5908041,3.402480602,1.137858771,0.780196428,0.482726395,0
42266,2.830324888,4.238516331,1.508400206,0.258685678,0.492991984,0
42264,2.759838104,3.989183187,1.52380685,1.320106745,0.492991984,0
894,2.72470665,3.618019819,1.266680591,2.684148073,0.486152619,0
42265,2.759838104,4.110925674,1.510183882,1.409503818,0.492991984,0
17025,2.107935429,4.869404793,2.315370619,3.340748072,0.513545156,0
10609,2.770645142,3.929044485,1.458389915,0.343181789,0.492991984,0
11334,3.146272182,4.274848938,1.350991173,0.428654492,0.492089033,0
40648,3.115518332,4.043681145,1.15504744,0.496022701,0.485250413,0
19235,2.128158808,2.318917036,0.345318646,1.256906152,0.464669794,0
7731,2.391353607,2.801148176,0.823557966,1.052089334,0.474894434,0
40649,2.676167011,3.692354441,1.175631289,1.637897253,0.488673717,0
8316,1.700403214,4.22382021,2.111827895,0.68398875,0.512585282,0
20813,3.126159906,3.932911634,1.103750452,0.404074669,0.485250413,0
11333,3.180570126,4.131818771,1.472669836,2.090615511,0.495500684,0
17476,2.661200047,2.995679379,0.734853574,0.304973572,0.474894434,0
22518,2.585826874,2.902271748,0.585417153,0.03079758,0.471470296,0
20954,2.332438707,2.696179628,0.819942831,0.271259606,0.478357136,0
51021,2.433295965,4.764915466,1.86453134,1.854000568,0.505753934,0
51032,2.910927773,4.909545898,1.845480728,0.120308362,0.505753934,0
20951,3.166731596,4.075028419,1.025731804,1.69364059,0.485250413,0
20872,2.506698132,3.195884943,0.921197804,0.308224648,0.48181507,0
893,2.399687767,4.122415543,1.697818736,1.358914137,0.502331316,0
54309,1.91567111,4.719206333,2.206567368,1.031268239,0.512585282,0
51020,2.433295965,4.780135632,1.857999641,1.920981288,0.505753934,0
4598,2.63299036,4.090428829,1.325572887,3.334155321,0.492089033,0
20690,2.82028532,5.053536892,1.939915269,0.688342571,0.509175062,0
17599,2.144706249,3.799137592,1.71650461,1.617380738,0.502331316,0
8294,2.412763596,2.974431276,1.135112325,0.64800936,0.488673717,0
54310,2.062417507,4.725380421,2.190186842,0.7386536,0.512585282,0
2688,3.582143784,4.470687866,1.192735016,2.070115328,0.488673717,0
6271,2.63299036,3.458109379,1.30115268,1.503170371,0.492089033,0
40650,2.752706528,3.444476843,1.086407757,2.594461679,0.485250413,0
7449,3.395730257,4.480762005,1.350736362,1.972790599,0.492089033,0
2690,2.539162159,3.835983276,1.159153977,4.087851524,0.488673717,0
34569,2.193803787,3.906691074,1.748358576,1.126547456,0.502331316,0
7743,2.096097946,2.632805824,0.843154053,0.675349236,0.478357136,0
19534,1.695650101,4.172712803,2.146909469,1.786551476,0.512585282,0
2689,3.004130602,3.843493938,1.289771775,1.657840252,0.492089033,1
19516,1.778548241,4.491820812,2.247183876,0.406296819,0.515978098,0
43828,3.41464448,4.155711651,1.201861338,1.701055884,0.488673717,0
46,1.723269224,2.013127565,0.154348523,0.642502069,0.461282074,0
50486,2.154313087,3.565685034,1.658463132,0.109413251,0.502331316,0
13,1.695650101,4.201697826,2.152255185,1.250111699,0.512585282,0
43827,3.193809032,3.825730562,1.173674705,2.667771578,0.491152942,0
4441,3.288640022,4.049372673,1.256372802,0.409546375,0.494557142,1
9091,2.312409878,2.859769344,1.054067895,0.746312201,0.487745643,0
17480,2.984169722,3.315931797,0.606393531,0.428295523,0.477462322,0
13711,2.935025692,3.372755051,1.068529805,2.416644096,0.487745643,0
19088,1.846673012,2.114450455,0.335943906,1.466962934,0.46723035,0
7728,3.704999685,4.384776115,0.914783453,0.968209803,0.484327435,0
22519,2.590699434,2.730028629,0.462172531,4.266234398,0.470631331,0
20874,2.063322783,2.532563686,0.793911374,1.698345423,0.480897158,1
20956,2.965934515,3.361413717,0.678746749,1.383045316,0.477462322,0
7729,4.155457497,4.588401794,0.927860209,1.431452036,0.484327435,0
17,2.24003005,4.086140633,1.96451747,2.071562052,0.511567414,0
20794,3.918831348,4.806788445,1.445923603,1.851421595,0.497958034,0
20781,2.405976295,3.699652195,1.638178923,0.6155985,0.504757166,0
7732,2.248459578,2.619842529,0.737595053,2.429616451,0.480897158,0
2691,2.552037001,3.225794554,1.324708625,0.791366816,0.497958034,0
2618,1.783470154,4.243980408,2.186841212,0.606205642,0.518397212,0
24739,2.18053627,3.369996786,1.608556765,1.63083601,0.504757166,0
11469,2.475069046,3.624192715,1.567142659,1.182557106,0.501357317,0
39313,1.783470154,4.236645699,2.169254383,0.606205642,0.518397212,0
2617,2.003365517,4.490767479,2.130385146,1.960348129,0.514978588,0
15292,1.908713818,3.938391447,1.989652776,1.051977158,0.511567414,0
9304,2.886808872,3.446212769,1.158312403,0.972825587,0.491152942,0
3829,2.641475201,3.111521244,1.290531345,1.453127146,0.497958034,1
27,2.842369556,3.319786072,1.078746927,0.510207176,0.491152942,0
24419,3.213995934,4.105701447,1.503141934,1.471626759,0.501357317,0
23664,3.832584858,4.348888397,0.870159029,2.632162333,0.484327435,0
20776,2.360450268,3.854366064,1.699121953,0.712848961,0.504757166,0
7730,2.595736265,3.365648508,0.823089028,2.300579548,0.484327435,0
15294,2.109065533,3.839436531,1.872081242,0.472413808,0.511567414,0
21,2.858268023,3.444660425,1.355605185,0.992756546,0.497958034,0
20953,2.518283606,2.950298071,0.650552816,1.33963263,0.480897158,0
54219,2.659368038,3.168787956,0.75183846,0.846386075,0.480897158,0
20952,2.972079515,3.250499249,0.54964603,1.066197991,0.477462322,0
5124,2.32456398,2.691839933,0.920833902,1.561667562,0.487745643,0
37762,2.32456398,3.202022552,0.935650328,3.026827335,0.487745643,0
17484,3.317045212,3.609876871,0.452786293,0.847154737,0.474041015,0
2687,2.32456398,2.738500595,0.915946354,2.646155834,0.487745643,0
7741,2.759178162,3.233564615,0.362603865,1.252660155,0.470631331,0
37763,3.076824903,3.399170399,0.926250013,2.646155834,0.487745643,0
37724,3.076824903,3.477368832,0.937861602,1.740142226,0.487745643,0
38277,3.422920465,3.830842972,1.06497249,0.524150372,0.491152942,0
9988,3.299622059,3.616756678,1.195653993,0.608817935,0.494557142,1
22511,2.160510063,2.563723087,0.740670273,2.370671511,0.486813456,0
17611,3.370925426,3.600593805,0.386230153,0.619478106,0.47661218,0
20805,2.168512821,2.39136076,0.283681088,3.12481308,0.473215848,0
22289,2.693277836,3.26281333,1.281645833,0.796420336,0.50036329,1
20787,2.521161318,3.721430302,1.632527843,0.887729466,0.507142246,1
17171,2.090662241,4.419658184,2.103923568,0.237896577,0.520821571,0
20811,2.590426683,2.492019415,0.83028447,1.967237353,0.486813456,0
25879,2.94865036,3.619421482,1.371491811,0.31801635,0.50036329,0
7591,1.635098457,3.606265783,2.00779575,0.924105823,0.517368019,0
12387,2.168512821,2.620651007,0.278562977,3.612140417,0.473215848,0
38276,2.960886717,3.533016443,1.036556538,1.608803391,0.493586928,0
22290,3.27826643,3.167820215,1.263424382,3.209601402,0.50036329,1
17601,3.875865698,5.06114006,1.517774175,1.389115095,0.503752232,0
25880,3.27826643,2.936319113,1.278716771,0.796420336,0.50036329,1
8295,3.689515591,4.0722332,1.225779534,0.735935748,0.496973991,1
2962,2.97458601,3.651520967,1.379800821,0.371385872,0.503752232,0
12389,3.177763939,3.422194242,0.280595854,1.894014239,0.473215848,0
25884,3.02107501,3.591010332,1.341596054,1.219877243,0.50036329,0
4970,3.229820967,3.599790335,0.931508629,1.662854671,0.490201771,0
25886,3.27826643,4.096576214,1.25135654,0.821035087,0.50036329,1
27608,3.067298412,3.660000086,0.981317289,0.541862071,0.493586928,0
17029,1.755206823,3.531176329,1.905854598,0.970949531,0.513943195,0
2902,2.671740055,3.086804152,1.335127361,1.532429695,0.50036329,0
17028,2.15756464,3.624584675,1.769851156,1.342731833,0.510537386,0
2,3.689048052,3.970744133,1.205439021,0.611938477,0.496973991,0
25888,3.834714651,4.281111717,1.242443783,0.821035087,0.50036329,1
2606,3.124466419,3.795109034,1.397346874,0.231111586,0.503752232,0
22515,3.158766031,3.512493134,0.412315186,0.438259542,0.47661218,0
15849,3.027288675,3.376980543,0.859643846,1.155196071,0.490201771,0
9043,2.808132648,3.246199846,1.02444386,1.709364533,0.493586928,0
20950,2.49209547,2.700289726,0.596844092,1.026207566,0.483415991,0
2686,3.126716614,3.461290598,0.935406432,0.491454631,0.490201771,0
16040,2.860980749,2.851380587,0.789960716,2.005403519,0.486813456,0
17211,2.860980749,2.851380587,0.789960716,2.005403519,0.486813456,0
9111,1.628870487,3.97583437,2.000216854,0.756649733,0.520821571,0
20949,2.602265358,2.919275522,0.505013537,1.066738248,0.480012745,0
28556,2.740916967,3.066381454,1.010626413,2.59697628,0.493586928,0
30533,2.845128536,3.3244977,0.705084329,0.7196697,0.486813456,0
18746,1.638842821,3.531159401,2.023492972,1.859498858,0.517368019,0
8318,1.633407831,3.547422409,1.939435781,2.352324724,0.517368019,0
5129,3.934569359,4.234390736,1.286088065,4.790959358,0.50036329,1
2889,3.969820738,4.22490406,1.219021811,0.888994455,0.50036329,1
34835,2.814171314,3.210939407,0.901498762,1.182407737,0.490201771,0
11817,3.771508932,4.057199001,1.317522287,10.92290211,0.50036329,1
21675,2.791842461,3.756219625,1.574813758,0.413009346,0.507142246,0
11815,3.771508932,4.810902119,1.306329885,8.529760361,0.50036329,1
30532,2.845128536,3.305975199,0.706485832,2.137778044,0.486813456,0
16041,3.006712198,3.365675926,0.785747861,0.251592696,0.486813456,0
17214,3.006712198,3.365675926,0.785747861,0.251592696,0.486813456,0
3827,2.835505724,2.837150574,0.983935237,2.260337591,0.493586928,0
18744,1.450752258,3.597835779,1.995629431,2.009404421,0.520821571,0
9096,2.484740257,2.751715183,0.725047998,1.696519256,0.486813456,0
2607,4.373520851,4.46913147,1.226902351,1.078143358,0.50036329,1
25897,4.094824314,4.368113041,1.228062345,1.078143358,0.50036329,1
34836,3.169024706,3.327001095,0.924382041,0.549742103,0.493586928,0
15851,2.239140987,4.309901237,1.983287011,0.682442844,0.517368019,0
25898,4.373520851,4.264987946,1.197970116,2.864964724,0.50036329,1
57362,2.484740257,3.258739233,0.716885685,2.498442888,0.486813456,0
57363,2.484740257,3.258739233,0.716885685,2.498442888,0.486813456,0
2600,2.620696545,2.954910517,0.998749857,1.920984626,0.493586928,0
40934,2.969776869,3.22220397,0.777981315,0.630826414,0.490201771,0
25902,4.373520851,4.637281895,1.2016766,7.48685503,0.50036329,1
11667,4.014616013,3.897768259,1.331942314,9.838291168,0.503752232,1
13712,4.014616013,3.897768259,1.331942314,9.838291168,0.503752232,1
2599,2.835505724,2.715005398,0.959248894,2.748100281,0.493586928,0
11310,2.833963394,3.345861197,1.447332535,1.284573555,0.503752232,0
892,2.845001936,3.290212393,1.454075443,1.284573555,0.503752232,0
18,1.752918601,3.326961994,1.873532228,1.603785992,0.513943195,0
10586,2.757597685,2.760189533,0.825885506,1.013269305,0.490201771,0
22658,2.547041416,3.835598707,1.744003934,0.874895394,0.512903512,0
2888,2.904373407,2.784370899,0.978306618,2.163526773,0.49598816,0
11320,2.845001936,3.342531443,1.443072375,0.210334718,0.506117046,0
19512,2.871410847,2.916115761,1.11161173,1.306785107,0.499354243,1
11323,3.297105312,3.426085711,1.415012879,5.352207661,0.506117046,0
9099,2.577230692,2.87337184,0.644289874,1.870970368,0.489280909,0
20807,3.250415802,3.702754498,0.451595118,0.674181879,0.482558876,0
16414,1.37159133,3.517476082,1.939899585,1.060122252,0.523254156,0
11321,3.297105312,3.420457125,1.419155215,2.371979952,0.506117046,0
9045,3.101632833,3.103073597,1.031031231,0.493152797,0.499354243,1
6267,3.179262161,3.092409372,1.140909046,1.451360941,0.499354243,1
20809,2.879188061,3.543977022,0.507779089,1.381591916,0.485923529,0
50413,1.594155073,3.755143881,1.908004426,0.908967197,0.523254156,0
50150,1.594155073,3.755143881,1.907469918,0.908967197,0.523254156,0
9670,2.57896328,2.51645565,0.922405189,2.938935995,0.49598816,0
2597,2.71079278,2.779898882,1.056220422,2.148363113,0.499354243,1
24229,2.833472252,3.154702187,0.364572358,0.29298526,0.479190201,0
50151,1.547472,3.821287632,1.906394265,0.766873181,0.523254156,0
50414,1.547472,3.821287632,1.905912239,0.766873181,0.523254156,0
16211,2.657819033,4.031244755,1.667745328,6.193735123,0.512903512,0
11380,2.063353062,3.738170385,1.853807608,6.362707138,0.516318977,0
40348,2.063353062,3.738170385,1.85279189,6.362707138,0.516318977,0
2608,3.505654812,3.309091568,1.231775269,4.248191833,0.502733171,1
3858,2.063353062,3.738170385,1.850618495,6.362707138,0.516318977,0
26,2.57896328,2.233246803,0.915655197,0.614398837,0.49598816,0
19511,2.57896328,2.895471334,0.893856105,3.702917814,0.49598816,0
7665,2.668585539,3.034237146,0.788118492,1.469633698,0.492633492,0
54922,2.471813202,3.888307571,1.738851152,3.0355196,0.516318977,0
50412,1.547472,3.829900742,1.890211299,0.766873181,0.523254156,0
50152,1.547472,3.829900742,1.890296632,0.766873181,0.523254156,0
44651,2.657819033,3.760932922,1.684646349,3.218155384,0.512903512,1
16219,3.853092432,5.186005116,1.646453269,4.97375536,0.512903512,1
4657,3.505654812,2.780386925,1.22582304,4.201878548,0.502733171,1
31732,2.985412598,2.7402637,1.151590561,0.651857018,0.502733171,1
17527,4.066261292,3.87912941,1.291788569,1.151207566,0.502733171,0
2602,3.128307104,2.783649445,0.919078114,2.930207729,0.49598816,0
57659,4.037561417,5.492207527,1.901617419,5.598814964,0.519764781,0
29386,1.375124931,3.542303801,1.883477765,1.408612013,0.523254156,0
7493,1.42123878,3.626652718,1.930858058,3.466169357,0.519764781,0
6275,1.606251001,3.852252722,1.866910849,1.507527232,0.523254156,0
28,2.683723211,3.033067703,0.545111504,1.074050784,0.485923529,0
7491,2.626694679,3.677261829,1.923181029,6.565948009,0.519764781,0
38435,1.725696802,3.756294966,1.891996315,1.335110664,0.519764781,0
18497,2.021375179,3.556579828,1.795492586,5.955418587,0.516318977,0
38434,1.704920888,3.819582939,1.898351479,2.060742378,0.519764781,0
29383,1.606251001,3.471534729,1.85404926,1.732324719,0.523254156,0
2890,3.087544441,3.028433323,1.172765743,1.322622299,0.502733171,0
2603,2.243784189,2.496551514,0.883571246,4.418888569,0.49598816,0
57657,4.344452858,5.927958488,1.8578611,3.596380234,0.516318977,0
17379,2.378954172,3.931359768,1.605760817,5.667667866,0.512903512,1
17526,2.417252779,2.481597185,0.698508559,2.879076719,0.489280909,0
38436,1.85110569,4.00178194,1.876920289,0.99916935,0.519764781,0
30417,3.268514633,3.974857092,1.699700336,5.865074158,0.512903512,1
30418,1.957624197,3.311630726,1.716074526,3.36083436,0.516318977,1
9106,2.292008877,3.017566681,1.539812971,0.628904045,0.509505689,0
2601,3.380737543,3.191238403,0.91927524,0.536117256,0.49598816,0
2609,2.671293497,2.460800171,1.130039602,1.979009748,0.502733171,0
19513,2.345251799,2.587873936,0.421443716,3.315223217,0.482558876,0
2623,1.284074306,3.320645571,1.846713873,0.543255329,0.523254156,0
3854,1.957624197,3.196153164,1.718308195,2.028899431,0.516318977,1
29925,3.176393747,3.977445364,1.768955664,6.765720367,0.516318977,1
4969,3.278845787,3.57746315,0.585180621,0.017695297,0.489280909,0
18498,4.185338497,5.694824219,1.807850194,3.18857646,0.516318977,0
25921,1.334844112,3.079346418,1.886483697,1.296526194,0.519764781,0
32261,1.299390912,3.278689861,1.846836682,0.984846771,0.523254156,0
30416,3.268514633,3.812800884,1.698013829,4.51410532,0.512903512,1
54828,1.889709711,3.558564186,1.758047351,6.765720367,0.516318977,1
30419,1.957624197,3.203570604,1.711083072,4.51410532,0.516318977,1
17378,2.378954172,3.192963839,1.578384549,2.446127176,0.512903512,0
57656,3.110791206,4.37070179,1.8708979,9.831871033,0.519764781,1
6262,3.273781538,3.145208836,0.957760983,3.336758137,0.49598816,0
43678,1.334844112,2.991793394,1.876148055,1.296526194,0.519764781,0
29922,3.176393747,5.231762409,1.784951692,4.193180561,0.516318977,1
9991,3.679781199,3.644583702,1.331096189,0.949526131,0.506117046,1
57655,3.128201008,5.238860607,1.810000359,5.965955734,0.516318977,1
25928,1.30159986,3.094352722,1.852769223,2.807157993,0.519764781,0
2908,1.070792198,3.029614449,1.811408443,1.102142453,0.523254156,0
15593,1.646721125,2.097105742,0.079115524,0.55005455,0.475818872,0
23389,1.070792198,3.16789031,1.816803145,1.031583905,0.523254156,0
13783,1.158567786,2.961062193,1.854357257,1.635423183,0.519764781,0
33246,3.155016661,3.502422094,1.479583558,2.21164012,0.509505689,0
30947,1.545706153,3.424979687,1.827326867,0.988566637,0.523254156,0
43679,1.158567786,2.959066153,1.858576794,1.641459584,0.519764781,0
10592,2.392490864,2.357257366,0.614809875,1.587636113,0.489280909,0
7530,2.194614649,1.931283951,0.808817555,4.278294086,0.492633492,0
2963,4.490676403,3.901565313,1.210736583,2.362882614,0.502733171,1
54829,2.401470661,3.330866575,1.718972362,2.86116147,0.516318977,0
25930,3.554739237,3.350384235,0.8812169,0.374404311,0.49598816,0
57654,2.797987461,4.096078396,1.825035997,6.89297533,0.516318977,1
43831,3.759753466,4.094133377,1.455395852,2.057538509,0.509505689,0
43680,1.158567786,2.628805637,1.843397114,0.900094867,0.522147179,0
25932,3.554739237,3.319496393,0.891694849,0.398275346,0.498391926,0
37277,1.104781866,2.864114285,1.86031391,0.264778733,0.522147179,0
29961,3.652921915,3.309278965,1.248466,0.048695657,0.505095303,1
2907,1.637696385,3.193320513,1.701814288,3.261203051,0.51868546,0
43702,1.545706153,2.989293337,1.813378986,2.035192966,0.522147179,0
3856,1.582217216,3.089560986,1.650171257,3.875786066,0.515260398,1
13168,1.175100565,3.100880623,1.790400372,0.926968396,0.525659502,0
7744,2.880450964,3.068427801,0.550858901,1.617829204,0.491754949,0
43701,1.190726161,2.875144482,1.809871249,2.035192966,0.522147179,0
19514,2.092375994,2.287071943,0.271288047,0.743189991,0.481773138,0
37279,3.762393475,4.140027523,1.440265043,0.663554251,0.511858881,0
24237,3.575071335,3.182968855,0.860348762,0.464630097,0.498391926,0
10584,2.880450964,3.245503902,0.528294569,1.074668169,0.48843807,0
2605,2.889234543,2.765652657,0.772480011,4.197204113,0.495069236,0
38932,1.190726161,2.977602243,1.792664327,0.796785474,0.525659502,0
25936,3.037127256,2.797429323,0.894811051,4.690162659,0.498391926,0
37276,1.242849946,2.786343336,1.831652737,0.700784564,0.522147179,0
13714,2.419834375,3.077882051,1.519679133,1.366943598,0.511858881,0
37275,1.242849946,2.761219025,1.824103203,0.700784564,0.522147179,0
43700,1.03319943,2.615726233,1.800285741,1.710373878,0.522147179,0
15499,2.679539204,2.806769848,0.627589261,3.702680349,0.491754949,0
15498,2.613261938,2.606501579,0.690740059,2.092611313,0.495069236,0
9306,2.613261938,2.221319675,0.664323346,0.263594508,0.495069236,1
38931,0.974497676,2.721027136,1.785951579,1.826592088,0.522147179,0
37278,3.368472338,3.668069124,1.406881859,1.276628017,0.511858881,0
2604,2.92660141,2.780664921,0.745681466,3.963722706,0.495069236,0
39018,2.896200895,3.402932644,1.550261653,3.582273722,0.515260398,0
8322,1.088532209,2.424492121,1.814170389,1.595134497,0.51868546,1
50256,2.896200895,3.503676653,1.537308301,2.77562499,0.515260398,0
32713,0.974497676,2.518326521,1.788582874,0.629469991,0.522147179,0
56303,1.162899971,3.067189455,1.76635096,0.781676412,0.525659502,0
3857,1.863091707,3.035028934,1.659972421,1.208327055,0.515260398,0
19,0.974497676,2.518326521,1.782891174,0.629469991,0.522147179,0
37715,1.97711575,3.138602734,1.721968238,0.770822585,0.51868546,1
54923,2.803276539,2.369603634,1.093906618,1.158043742,0.505095303,0
33,2.240819216,2.131065845,0.15224305,4.15167284,0.481773138,0
4318,3.65851903,3.672074318,1.360954505,0.177904412,0.508472264,0
9772,1.115610838,2.755028963,1.741544292,1.007818699,0.525659502,0
54924,1.270308375,2.627698898,1.812809361,0.795697927,0.522147179,0
31762,2.689971447,2.650725126,0.420872669,1.94976902,0.48843807,0
7538,2.803276539,2.030252218,1.105096519,0.476512313,0.505095303,0
41437,3.012197256,2.325102329,1.022451535,0.777602971,0.501733124,0
37714,1.803639412,3.026796103,1.710599274,1.69311893,0.51868546,1
4315,3.765079498,3.027337313,1.190528082,2.468509436,0.505095303,0
30535,1.123397231,2.538622379,1.785558355,0.43672812,0.522147179,0
37713,1.358861923,2.93558979,1.726276574,3.030747652,0.51868546,1
40431,1.803639412,3.038220882,1.698356613,0.972089231,0.51868546,0
41436,2.900114298,2.243833542,1.025298359,1.116228104,0.501733124,0
29492,3.55344677,3.599622726,1.378356868,1.121648669,0.511858881,0
26737,3.663674116,4.306762695,1.48595594,1.485235333,0.511858881,0
41443,2.900114298,2.173036814,1.032781577,0.961196065,0.501733124,0
2692,3.55344677,3.640106916,1.382789691,1.121648669,0.511858881,0
56302,1.234728456,2.561961412,1.786795592,0.916380346,0.51868546,0
41150,2.825639248,2.142817497,1.081686742,1.17883563,0.505095303,0
25954,3.092721701,2.657192945,0.914780052,0.288724869,0.498391926,0
41439,2.746809483,1.849146008,0.995777328,1.501843572,0.501733124,0
41442,2.900114298,2.080561876,1.03943578,1.008584142,0.501733124,0
54925,1.103975058,2.408414602,1.789007487,0.219192818,0.522147179,0
40430,1.803639412,2.758905411,1.708701283,2.553607702,0.51868546,0
4697,2.390555143,2.592912674,0.435902866,1.748477817,0.48843807,0
25958,2.942948341,2.472289085,0.922978401,0.901844919,0.501733124,0
30534,1.078126788,2.659804821,1.756989692,0.416787177,0.522147179,0
41438,2.746809483,1.891619802,1.004061108,1.501843572,0.501733124,0
25961,2.942948341,2.535170555,0.916734681,0.901844919,0.501733124,0
41440,2.900114298,2.080831289,1.013487982,1.435632229,0.501733124,0
3832,4.050044537,3.308995247,1.208894376,1.513392448,0.508472264,1
43684,3.756857157,3.640555859,1.351251697,0.699645579,0.508472264,0
25962,2.942948341,2.535170555,0.9139795,0.901844919,0.498391926,0
3834,3.672936678,3.199473143,1.232341048,1.53867507,0.508472264,0
26736,3.447224379,4.078953743,1.460251382,2.485900879,0.511858881,0
54915,1.156633258,2.760392666,1.695086871,0.291539192,0.525659502,0
9118,1.115091562,2.546645403,1.755255173,0.47708559,0.522147179,0
43685,3.33691144,3.401943684,1.335300505,2.869728327,0.508472264,0
54926,1.249758959,2.512999535,1.769747739,0.390124023,0.51868546,0
41441,2.717368841,1.967764735,1.018791061,0.8691715,0.501733124,0
29930,3.447224379,4.122572422,1.472186572,2.485900879,0.511858881,0
5544,3.712195396,3.156368256,1.218069422,1.468278646,0.508472264,1
46046,2.88154006,2.086912632,1.099105698,0.357735604,0.505095303,0
18891,3.655059338,3.229809046,1.264193724,1.020757914,0.508472264,0
8952,1.175728798,2.701170206,1.72060615,0.730097175,0.522147179,0
4396,1.064605594,2.811621904,1.6669711,0.439286888,0.525659502,0
18892,3.33206296,3.387236357,1.281139697,1.679633379,0.508472264,0
34625,1.233858943,2.519333124,1.72092773,0.854159772,0.51868546,0
34627,1.233858943,2.519333124,1.72092773,0.854159772,0.51868546,0
3,2.628659725,1.799661756,0.977270363,0.478720307,0.501733124,0
9994,3.069620132,3.338048935,1.432115015,1.54514575,0.511858881,0
34626,1.46432054,2.538012266,1.725590821,0.484200925,0.51868546,0
34628,1.360612154,2.486266613,1.728200739,0.484200925,0.51868546,0
22,1.73929882,2.4855268,1.650194628,0.920348942,0.51868546,1
39647,1.216140747,2.665630102,1.697226065,0.778060257,0.522147179,0
54921,2.862179756,1.920726895,1.083937135,0.627595723,0.505095303,0
27658,3.603458166,3.693428516,1.526773781,3.683481932,0.515260398,0
54927,1.347806931,2.51693821,1.737504352,0.675534189,0.51868546,1
31369,3.148520231,2.513009548,0.859728407,0.29877907,0.498391926,0
30787,1.217464328,2.45050478,1.734748082,0.418193012,0.522147179,1
22372,2.862179756,2.016213179,1.107845733,1.004155874,0.507478714,0
25978,2.568032503,2.860499144,0.193756959,0.84554565,0.487656057,0
34629,1.360612154,2.501466274,1.725815335,0.539716244,0.521008015,1
25980,2.568032503,2.787229776,0.204601524,0.84554565,0.487656057,0
7519,1.941789269,1.941757917,0.154413892,1.061902285,0.48433274,0
3822,1.941789269,2.18255353,0.143661316,1.061902285,0.48433274,0
18637,1.82199204,2.285894632,0.071447838,2.40481019,0.48433274,0
8296,3.423511744,3.326672316,1.46925837,4.362969398,0.514199376,0
16413,3.423511744,4.407619476,1.49036288,3.467066765,0.517589211,0
17419,1.238652468,2.921996832,1.640338245,0.452686876,0.52798003,0
13778,2.854311705,2.017703295,1.005009974,0.874838293,0.504142225,0
16997,2.164096594,3.052790165,1.593245236,0.629658997,0.517589211,1
49240,2.058175564,2.375219584,0.332479074,2.28257513,0.490962029,0
11643,2.268725157,2.082569361,0.528195056,1.039211631,0.494252324,0
3824,2.189819574,2.572997332,0.170072224,2.483226061,0.48433274,0
10954,1.272160888,2.802081108,1.643470261,0.719834089,0.52798003,0
34624,1.482738256,2.563455105,1.706138088,0.302814126,0.521008015,1
15854,1.482738256,2.646225929,1.71008313,0.373411089,0.521008015,1
10956,1.110411644,2.554627419,1.652465005,0.384208411,0.524468243,0
22373,2.631723881,1.79426825,1.082093463,0.916228771,0.507478714,0
29072,1.553956628,2.690029383,1.709418009,0.373411089,0.521008015,1
16998,2.100986958,2.839598894,1.610688475,1.9989568,0.517589211,1
49242,2.329626322,2.781295061,0.31602302,3.069880247,0.490962029,0
49241,2.547590256,2.729706287,0.332173778,1.715149164,0.490962029,0
14061,1.775214791,1.993003845,0.1403813,1.506905317,0.48433274,0
30759,2.714958429,3.327105284,1.538446996,0.833391428,0.517589211,1
37101,2.763663769,1.872644186,1.039084322,0.933617592,0.507478714,0
23469,2.920330048,3.602258921,1.45821369,1.093667507,0.514199376,0
31,1.86338079,1.950140238,0.270274478,3.055136919,0.487656057,0
22387,2.329626322,2.698111534,0.295584121,1.037736773,0.487656057,0
12392,2.351649523,2.248991013,0.500081951,1.923266649,0.494252324,0
9976,2.699416876,2.142019272,0.76900886,0.289334565,0.500829637,0
4653,2.361969471,2.027801991,0.166962237,3.066225767,0.487656057,0
29918,1.482738256,2.59295845,1.681442817,0.498166978,0.521008015,1
33250,3.918715,3.971369267,1.332792243,1.488278985,0.514199376,0
56304,2.871442795,1.811945319,1.134423589,1.372896433,0.507478714,1
20620,2.747819185,2.274839878,0.711814994,0.630255044,0.497537255,0
38422,1.49608469,2.690224648,1.677235077,0.55993551,0.521008015,1
23,3.032003403,2.574815035,1.18350384,4.089085102,0.510831833,1
19743,3.307471037,3.62786603,1.401891434,0.118944883,0.514199376,0
37102,3.050013781,2.010655642,1.005854475,0.703575194,0.504142225,0
6463,1.727174997,2.214306116,0.200619351,2.909413338,0.487656057,0
38424,1.551803589,2.673423529,1.672230419,0.394706696,0.521008015,1
29,2.271862984,2.16001153,0.582588522,3.270137787,0.497537255,0
4317,4.459133148,4.264616489,1.311164195,1.328388333,0.510831833,0
2695,2.089169025,2.945270061,1.614922632,1.065890789,0.521008015,1
29993,2.504860401,2.463431358,0.636189502,1.900280237,0.497537255,0
2596,1.915489316,2.034846783,0.220968544,1.535256505,0.487656057,0
2887,2.184952259,2.175335407,0.404243311,1.732050776,0.490962029,0
4968,2.184952259,2.249033928,0.401041286,1.732050776,0.490962029,0
41390,1.997698784,2.944192648,1.597913298,0.945189893,0.517589211,1
2906,3.223967552,3.628656864,1.415790483,1.097936153,0.514199376,1
38461,3.709213018,3.912948132,1.341989033,1.285562396,0.514199376,0
13781,2.643235922,3.122596025,1.528581983,1.338788986,0.517589211,1
5543,1.727174997,1.886229634,0.178527197,1.853449702,0.487656057,0
29096,2.754041672,2.535605669,0.642093858,0.44633168,0.497537255,0
8288,2.856471539,2.004549742,0.892048664,0.765069604,0.504142225,0
2694,2.171509743,3.010925055,1.617279029,0.237765804,0.521008015,1
43790,3.004199266,2.073176384,0.886573511,0.765069604,0.504142225,0
3853,4.398902416,4.210611343,1.29171502,0.649601221,0.510831833,0
5215,4.101557732,4.179467201,1.311573656,0.913558245,0.514199376,0
3823,2.118640184,2.207803011,0.172799699,1.853449702,0.487656057,0
2693,3.62755084,3.798921108,1.350177294,1.161010504,0.514199376,0
3837,2.582220793,1.635750532,1.097574012,0.487858981,0.507478714,0
13713,3.004199266,2.140915394,0.89187887,1.005606532,0.504142225,0
5545,3.62755084,3.644739628,1.357140577,1.161010504,0.514199376,0
24,3.62755084,3.557708025,1.357713514,1.161010504,0.514199376,0
34237,3.382613897,2.579266071,1.154069796,1.996074557,0.510831833,0
37260,2.118640184,2.335330963,0.189447165,0.246421248,0.487656057,0
43783,3.004199266,2.194347382,0.906138842,1.016605616,0.504142225,0
34238,2.514592171,1.935042381,1.133468642,3.963736773,0.507478714,0
38462,2.840487719,2.204557419,0.859993102,1.564725161,0.504142225,0
29271,3.159191608,2.190000057,0.993633365,0.872923732,0.504142225,0
37721,2.335792065,3.101892233,1.548929667,1.173037052,0.517589211,1
26388,4.101557732,4.03361845,1.308621322,0.850431263,0.514199376,0
57137,2.958087921,1.972597957,1.011883742,0.897461295,0.507478714,0
17449,3.206142902,2.308526993,0.947330511,0.729460061,0.504142225,0
25,3.059638262,2.015619278,0.912207219,1.016605616,0.504142225,0
26015,1.562221169,2.722702503,1.61861883,0.237210095,0.524468243,1
38463,3.151128769,2.34614253,0.868408318,0.831866682,0.504142225,0
5699,1.63345933,2.755329847,1.597253133,0.495040596,0.524468243,0
6282,3.230581522,2.029748678,0.916930193,0.706585288,0.504142225,0
25140,4.109093666,4.342878819,1.43371565,2.60140419,0.514199376,0
4800,2.735488415,2.129292727,0.794534075,1.000494123,0.500829637,0
26019,1.53836751,2.771432638,1.606923122,1.025259733,0.521008015,1
37722,2.570770979,3.330989122,1.537880256,0.874469101,0.517589211,1
17450,3.277515411,2.327774525,0.957171637,0.189754575,0.504142225,0
6406,3.230581522,2.358276606,0.91014872,0.706585288,0.504142225,0
2903,3.822122097,3.955181837,1.34756738,1.094091177,0.514199376,0
29964,2.797372818,1.838449717,1.052942997,0.508842289,0.507478714,0
19334,3.652077198,4.020501614,1.357039964,1.402598977,0.514199376,0
37723,2.371614933,3.132956028,1.551539053,0.786640644,0.517589211,1
33241,1.442128658,2.803564072,1.542713597,0.890316188,0.524468243,0
17623,1.678944468,2.791587591,1.593459769,0.820479929,0.524468243,0
49626,3.230581522,2.175483465,0.916341387,0.497490287,0.504142225,0
39555,4.134256363,4.044552803,1.310242802,2.036372423,0.514199376,0
22335,2.867301702,2.327771902,0.800867905,1.046795011,0.500829637,0
51729,3.108629227,1.903330207,0.976355214,1.458574772,0.504142225,0
30477,3.641196966,4.040703773,1.390532048,1.721555471,0.514199376,0
49622,3.057678223,2.299768209,0.893518479,0.363366187,0.504142225,0
17169,3.803966999,4.488620281,1.45500062,2.257086515,0.519851446,0
9992,2.623256207,2.026580811,0.742220329,0.381080806,0.503303468,0
49625,3.057678223,2.26625371,0.90036553,1.077817798,0.506585777,0
19335,3.668178082,4.014808178,1.345025564,0.605781257,0.516507387,0
43945,2.945072174,2.028964996,0.941330828,1.25456059,0.506585777,0
25137,4.030996799,4.483914375,1.418530799,2.23486352,0.516507387,0
51730,2.866004705,1.913729668,0.975475664,0.041585729,0.509883642,0
22334,3.082237005,2.465533733,0.802910687,0.399833858,0.503303468,0
2904,3.652643442,3.888931036,1.321947827,2.432390213,0.516507387,1
22277,2.570699215,1.770400167,1.021528831,1.14290607,0.509883642,0
4320,2.570699215,1.770400167,1.02070936,1.14290607,0.509883642,0
51109,3.057678223,2.111516237,0.901959402,0.744929552,0.506585777,0
25138,3.673209429,4.152947903,1.400718798,3.660044909,0.516507387,0
14929,2.866004705,1.959406376,0.959884357,0.110904008,0.506585777,0
25139,4.030996799,4.119317532,1.426147746,4.010133743,0.519851446,0
3848,2.866004705,1.959406376,0.958124637,0.110904008,0.506585777,0
5546,1.593390822,2.800256491,1.495310394,0.434545279,0.526675761,0
44359,2.262742519,1.978001237,0.494969279,0.158411518,0.496750772,0
51775,2.781709671,1.84672904,0.938046943,0.385359585,0.506585777,0
9104,2.362538815,1.9450984,0.649711761,0.396466315,0.500029206,0
51110,2.877457857,2.065884352,0.882937246,0.469417065,0.506585777,0
29388,1.606634021,3.101592064,1.45816193,0.724298716,0.530165434,0
2770,1.604662895,2.97008729,1.468396018,0.920736134,0.530165434,0
18932,2.484205723,2.329315901,0.579356236,1.514518142,0.500029206,0
37659,2.786688805,2.174602747,0.798728726,0.754826963,0.503303468,0
39314,2.786688805,2.174602747,0.798115978,0.754826963,0.503303468,0
39316,2.696223497,2.123916626,0.773405883,0.184271023,0.503303468,0
37757,2.696223497,2.123916626,0.77354902,0.184271023,0.503303468,0
37756,2.696223497,2.185251951,0.792721554,0.264315993,0.503303468,0
39315,2.696223497,2.185251951,0.792824494,0.058519959,0.503303468,0
7520,1.80875802,3.022475719,1.447970305,0.978753507,0.530165434,0
32737,1.875038743,2.943732738,1.466347548,0.672185898,0.526675761,0
29385,1.762023807,3.113945723,1.425032417,0.202303827,0.530165434,0
32736,1.875038743,3.09480834,1.467875177,0.434876859,0.526675761,0
32738,1.683984876,2.962955713,1.448705952,0.664626181,0.526675761,0
39325,2.696223497,2.279848337,0.77581865,0.156795233,0.503303468,0
27651,2.578639984,2.186834335,0.723509438,0.179866374,0.503303468,0
2614,2.786168337,2.150081635,0.796989912,0.250416517,0.506585777,0
39381,1.648855448,3.130363226,1.396763656,0.244085848,0.530165434,0
2620,1.875038743,3.148513556,1.456536912,0.547079086,0.526675761,0
22370,1.871671081,3.16155529,1.410084113,0.141464189,0.530165434,0
39382,1.793748975,3.129143476,1.399286067,0.244085848,0.530165434,0
4971,2.094956398,3.10605979,1.454624715,0.822428644,0.526675761,0
4395,1.871671081,3.191915512,1.407871824,0.880646348,0.530165434,0
6283,1.71668148,2.902267218,1.417315693,0.55237174,0.530165434,0
22371,1.871671081,3.185329437,1.397053017,0.254128426,0.530165434,0
39380,1.633639932,3.120130777,1.377236705,0.48356393,0.530165434,0
39276,1.71668148,2.945594311,1.407404719,0.880646348,0.530165434,0
17174,1.793748975,3.108765602,1.375980639,0.48356393,0.530165434,0
22369,1.793748975,3.130201817,1.381299043,0.611097813,0.530165434,0
39277,1.904976845,2.995949268,1.39827188,0.699919701,0.526675761,0
9050,1.846501112,3.17484498,1.377583715,0.574080825,0.530165434,0
39324,1.904976845,3.117306471,1.40202781,0.744657934,0.526675761,0
39278,1.846501112,3.130010605,1.382494196,0.403644323,0.530165434,0
39322,1.904976845,3.107799768,1.382574813,0.398361057,0.526675761,0
3859,2.038279057,3.099281549,1.384132708,0.376757592,0.528752446,0
39323,2.023195744,3.101147175,1.379218681,0.398361057,0.528752446,0
5326,2.038279057,3.099281549,1.384561989,0.376757592,0.528752446,0
2132,2.53817749,3.922704458,0.877704044,0.935892105,0.358837664,1
2083,2.53817749,3.922704458,0.877395549,0.935892105,0.358837664,1
16726,2.011866331,-3.40282E+22,2.346570463,0,0.330497682,1
16721,3.145571709,-3.40282E+22,2.082554922,0,0.335092127,0
19178,2.049239397,-3.40282E+22,2.265977564,0,0.335009784,0
19160,3.04015708,-3.40282E+22,2.012594035,0,0.337300718,0
19162,2.697666883,-3.40282E+22,2.149642895,0,0.335009784,0
21561,2.264525175,3.596836329,1.285254049,0.801662445,0.408525139,0
7873,2.919408321,4.102597237,1.436702731,2.005282402,0.405161738,0
16716,4.086970806,-3.40282E+22,1.776571367,0,0.341662407,1
19180,2.085632086,-3.40282E+22,2.233510118,0,0.33723557,0
16711,6.047182083,7.462543964,1.514133167,1.857257009,0.346457571,0
19163,2.088460445,-3.40282E+22,2.099201165,0,0.339610785,0
19158,2.318791389,-3.40282E+22,1.973568568,0,0.339610785,0
16727,1.816807508,-3.40282E+22,2.282887724,0,0.334747434,1
16723,2.333336353,-3.40282E+22,2.146603414,0,0.33723557,0
19166,2.702937365,3.792414427,1.311832576,2.115277767,0.411170125,0
16719,3.073223114,-3.40282E+22,1.876359278,0,0.341906786,0
16713,2.760189533,4.35500145,1.607989545,0.931093752,0.346457571,0
21603,4.023526192,5.085809231,1.294760705,2.272598028,0.40779826,0
19181,2.067235231,-3.40282E+22,2.213909217,0,0.33723557,0
19782,2.428273678,3.498500109,1.132695993,0.647342741,0.417215765,1
21607,3.759281874,4.900470734,1.290698996,0.775426328,0.410446674,0
19155,2.359606266,-3.40282E+22,1.935256363,0,0.341981769,0
34273,2.901458263,3.82980752,0.589467263,1.663201928,0.367222428,0
16722,2.212268353,-3.40282E+22,1.989121281,0,0.341981769,0
16717,2.470428467,-3.40282E+22,1.715096182,0,0.346767545,1
17049,2.091790676,2.995341539,1.042566587,0.684282124,0.417215765,0
16712,5.033570766,6.413833618,1.443196858,1.028958321,0.349178135,0
34274,2.769767761,3.685969114,0.552082053,1.209071517,0.367222428,1
19152,2.576323509,-3.40282E+22,1.777439365,0,0.344386101,0
19176,2.420505047,-3.40282E+22,2.082826768,0,0.339507699,0
34272,1.900318027,3.647677422,0.607419922,3.927664042,0.370096803,0
19153,2.538293123,-3.40282E+22,1.857124715,0,0.346890807,0
19167,2.579064369,-3.40282E+22,1.97820062,0,0.344374776,0
21422,2.260126829,3.035933733,0.999801625,1.46276021,0.423261106,0
8068,2.260126829,3.133147001,1.014109447,1.46276021,0.423261106,0
16728,1.702252388,-3.40282E+22,2.251000747,0,0.339141905,1
17051,2.671673775,3.610995054,1.037035587,2.00295186,0.423261106,0
16720,3.364834785,-3.40282E+22,1.837616034,0,0.346890807,0
16714,3.697595596,3.985809326,1.561215852,2.674059629,0.349393517,0
19175,2.404242992,-3.40282E+22,2.066881385,0,0.341800869,1
17567,1.491121173,2.295320034,0.946440527,1.436712503,0.423261106,1
19150,2.86641407,-3.40282E+22,1.773432235,0,0.346890807,1
17153,3.956353426,5.163883209,1.465591904,1.699925661,0.35465762,0
19784,4.397642612,4.959517002,1.06403311,3.229134083,0.425892711,0
19169,2.540777683,-3.40282E+22,1.963214075,0,0.346763879,0
16724,1.260871053,-3.40282E+22,2.109178829,0,0.344101757,0
19184,1.439727545,-3.40282E+22,2.143077344,0,0.344101757,1
49266,2.562348604,3.018147469,0.989129419,2.172053576,0.425892711,0
49274,2.562348604,3.115633965,1.004361964,4.826609612,0.425892711,0
49275,2.796149731,3.093561172,0.99031297,2.113597631,0.425892711,0
19793,2.119855404,3.027774096,0.963294182,0.726244688,0.425892711,0
8062,2.220330715,3.006530523,0.98802021,1.507594824,0.425892711,0
16729,1.655068159,-3.40282E+22,2.248926514,0,0.343642175,0
22672,2.784843206,3.040547848,0.931862116,2.221182823,0.428497404,0
282,2.807821035,3.042456627,0.904761787,1.026165962,0.421728879,1
15705,3.516237259,3.801863432,0.884037032,1.95282197,0.425108552,1
49238,2.743914843,3.259545088,0.83181396,2.55965662,0.425108552,0
1118,1.733447313,2.3248806,0.818988868,1.424572945,0.428497404,0
49237,2.373104095,3.118570328,0.816013745,3.10508275,0.425108552,0
49236,2.373104095,3.038868666,0.803109284,2.148097754,0.428497404,0
21089,1.821356177,2.657102108,0.810922253,2.344766617,0.431890011,0
30817,1.837130547,2.859661341,0.758142758,0.582552433,0.43445906,0
6424,1.702839851,2.497361183,0.733380029,2.931735516,0.431073904,0
40753,1.643954039,2.458808661,0.707648151,1.248877525,0.43445906,0
8564,1.58194375,2.373003244,0.331315074,0.754013598,0.390052587,0
12401,3.709787846,3.577615261,0.103685955,1.125972629,0.405540943,0
42723,1.493897915,2.395232439,0.467209029,0.990861833,0.3925502,0
45614,1.352248788,2.271224499,0.550988815,1.578218699,0.389313221,0
42729,1.775346041,2.412041664,0.216941035,0.555328667,0.399029136,0
37740,3.709787846,3.832750082,0.129159098,1.875946879,0.408798754,0
44356,1.498860359,2.07799983,0.386951761,1.152669787,0.395784736,0
37742,3.101368904,3.848104,0.141877001,3.471619368,0.405540943,0
33930,1.659460902,3.267733574,1.469007836,2.209559679,0.370505869,0
15093,2.461163044,3.13935256,0.098915432,3.447128534,0.408798754,1
37739,3.101368904,3.734482288,0.159534948,7.777065754,0.405540943,0
54308,2.798960209,3.489102125,0.21225922,2.610146523,0.40228498,0
37738,3.456206322,4.01885128,0.169381064,3.924501181,0.408041269,0
29842,1.873513341,3.935012341,1.394794277,2.925923586,0.373079538,1
37741,3.456206322,3.693007946,0.169970744,3.791024923,0.408041269,0
18813,1.638527513,1.972893,0.086969361,0.539070189,0.414579213,1
29543,1.820197582,2.665058613,0.490125035,1.129042387,0.395029366,0
54307,3.456888199,4.161460876,0.234828567,2.280151367,0.404784501,0
12097,3.443025112,4.170798779,0.144012351,0.770133495,0.411299467,0
29843,2.332680225,4.018746853,1.405253375,1.776638865,0.373079538,1
25547,2.397402525,3.993953705,1.320751075,2.812615395,0.37606132,1
48767,2.701384544,3.464334488,0.145834348,3.145648956,0.411299467,1
25548,2.397402525,4.306934834,1.341479913,1.303828716,0.37606132,1
18805,1.969198942,2.228209734,0.118958386,0.803404033,0.417866945,1
48766,2.947312832,3.755205631,0.157971891,1.80413723,0.411299467,0
5253,2.477415085,3.466584444,0.209458934,0.605497062,0.408041269,0
25550,2.692943096,4.455971241,1.377996867,0.948600352,0.373079538,1
26297,2.296730042,4.237921238,1.567896932,1.503299952,0.370143652,0
30119,3.381629944,5.600814342,1.712693375,2.221619844,0.367236376,0
48765,3.202904463,3.831976652,0.167394384,1.571025252,0.411299467,0
51830,3.862645388,6.093389511,1.8471818,1.448663473,0.364351839,0
17406,2.804871559,3.721889973,0.234322423,2.108558655,0.408041269,0
39558,2.484153509,4.117849827,1.244458117,0.722538114,0.37606132,0
25551,2.692943096,4.429483414,1.364519392,0.38706252,0.373079538,1
26296,1.839692473,4.164117813,1.544572658,2.221598864,0.370143652,0
8153,1.839692473,3.594349146,1.522115552,0.841141462,0.370143652,0
4644,2.389242649,4.310647964,1.458294486,1.042720675,0.373079538,1
19725,2.709059238,4.412527084,1.335781093,0.586425841,0.37606132,1
13804,2.804871559,3.483686209,0.242503581,1.094365001,0.408041269,0
43537,3.107600927,3.865528584,0.198706983,0.591082811,0.411299467,0
18802,1.854907632,2.06850934,0.159037532,1.021741629,0.414579213,1
15992,2.601168633,3.609598637,0.231301549,0.491692066,0.408041269,0
30118,3.393996,5.995426655,1.708032758,2.267152071,0.367236376,0
25553,2.69007659,4.465273857,1.381929083,0.568514287,0.373079538,1
25554,2.607971668,4.478261948,1.400238474,0.567337453,0.373079538,1
51831,3.842134953,6.291306973,1.856692315,0.463602602,0.364351839,0
40928,2.253224134,4.149914265,1.11988758,3.124828577,0.379101932,0
26393,2.308085203,4.292521954,1.205720018,2.158276796,0.379101932,0
43691,2.167528152,4.385778904,1.529163936,2.323014259,0.370143652,0
44354,1.385415316,2.403851748,0.613902915,0.215047762,0.391794831,0
8193,2.490296364,4.256800175,1.156741631,1.82286787,0.379101932,0
29845,2.567856312,4.564216614,1.489641378,1.682192445,0.373079538,1
15993,2.762421608,3.651900053,0.23807982,0.378639758,0.411299467,0
5633,1.918095827,3.549826145,1.081934896,1.16376698,0.382210553,0
43538,3.028575182,3.767392159,0.221582115,0.128279373,0.411299467,0
5275,1.918095827,3.534302235,1.082350798,1.16376698,0.382210553,0
43692,2.167528152,4.501441002,1.533853281,2.50457716,0.370143652,1
43540,3.028575182,3.765064955,0.231189984,0.503177404,0.411299467,0
43539,2.998867989,3.812398195,0.222832455,0.254338741,0.411299467,0
42827,2.299401522,3.990588188,1.184001607,2.725059271,0.379101932,0
49471,3.447864056,-3.40282E+22,2.074860379,0,0.361492783,0
25555,1.918095827,3.727389574,1.101426268,3.303469419,0.382210553,0
30114,2.614812374,4.357224464,1.237658401,1.154982448,0.379101932,0
37611,2.694875717,4.62608099,1.396438315,0.713544309,0.373079538,1
43728,2.887311459,4.708603382,0.993096718,2.462972403,0.382210553,0
43693,2.566105366,4.716991901,1.536574216,1.379967451,0.370143652,1
5656,2.30997467,4.010066986,1.054883395,3.683182955,0.382210553,0
30112,2.109246016,4.361374378,1.229506099,1.566076398,0.379101932,0
29846,2.910310984,5.053960323,1.505389728,1.654304028,0.373079538,1
48676,3.73494792,-3.40282E+22,2.093666959,0,0.361492783,0
12092,2.566105366,4.799611568,1.54339172,1.379967451,0.370143652,1
42828,2.822272062,4.672791958,1.170160213,0.959621906,0.379101932,0
40927,2.711579323,3.798966408,0.281618263,1.13914454,0.408041269,0
43779,2.62148881,4.433952808,1.250192992,2.001110077,0.379101932,0
353,2.30997467,3.704677582,1.057481212,0.814407289,0.382210553,0
43846,2.657310963,4.4890275,1.328087173,0.680868149,0.37606132,0
8192,3.070006132,3.613183498,0.235140948,2.228828907,0.411299467,0
43741,1.984877706,3.964076757,1.094641359,3.863946199,0.382210553,0
51716,2.945109367,5.355090141,1.966235983,0.492657989,0.364351839,0
43727,2.887311459,4.517625332,1.007082676,2.481185436,0.382210553,0
39235,3.048376322,3.934268713,0.269237146,0.538176537,0.411299467,0
48679,3.50246191,-3.40282E+22,2.396158555,0,0.355846196,0
19136,3.182454109,4.001126289,0.242799782,2.228828907,0.411299467,0
24394,2.856276035,5.083464622,1.475320456,1.532721519,0.373079538,1
43845,2.657310963,4.508816242,1.334712327,2.43079114,0.37606132,0
43778,2.62148881,4.489633083,1.243038523,2.001110077,0.379101932,0
17695,2.157469749,2.370725632,0.176706608,0.412356585,0.417866945,1
40926,2.854605436,4.790806293,1.328470347,1.127870083,0.37606132,0
13724,2.336972713,3.759259939,1.234231687,1.819712281,0.379101932,0
25556,3.004002571,4.661841869,1.138255946,1.285072803,0.379101932,0
5632,3.326098919,5.281389236,1.440240283,2.537085056,0.373079538,1
289,2.05941391,2.182436705,0.214526268,1.325099707,0.417866945,1
33317,2.649805069,3.024111271,0.292145579,1.43973875,0.411299467,0
17181,2.766986847,4.600683212,1.107901093,3.317210436,0.382210553,0
8188,2.769349813,5.10460186,1.993061245,0.518906415,0.361492783,0
34341,3.27141881,4.061967373,0.27396723,1.977327347,0.411299467,0
38427,2.925709963,4.63010931,1.31113367,1.207926035,0.37606132,0
34390,3.50628829,4.087383747,0.271421657,0.95868516,0.413788885,0
49827,2.852314949,2.653327227,0.221454007,4.466954231,0.417067647,1
43742,2.97955513,4.916819572,1.132507657,1.923369288,0.384742945,0
38426,2.925709963,4.913805485,1.325433279,2.57175827,0.378623039,0
43743,3.004002571,5.051543713,1.152987299,1.103020906,0.381656826,0
4980,2.319915295,4.074401379,1.028580668,2.353772163,0.384742945,0
43844,3.097773552,5.493683815,1.356609284,3.026237488,0.378623039,0
29294,2.319915295,4.124152184,1.026200082,2.534696579,0.384742945,0
38417,2.819688559,4.653286934,1.268760522,3.239910364,0.381656826,0
38425,2.925709963,5.152267933,1.327805783,2.57175827,0.378623039,0
34342,3.038542986,4.160218239,0.29304357,0.281918675,0.413788885,0
298,2.927230835,4.483926296,1.016596328,2.534696579,0.387878001,0
38418,3.488331795,5.337893009,1.29313177,2.832614422,0.378623039,0
5661,3.260730028,4.217429638,0.306681065,1.507081628,0.413788885,0
18739,3.54937315,5.611858368,1.365501632,1.390632272,0.378623039,0
34343,3.038542986,4.040092468,0.297905894,3.233705759,0.413788885,0
38416,3.372191429,5.341135979,1.280512624,2.738367796,0.381656826,0
5725,3.260730028,4.199584484,0.32563654,2.178740978,0.413788885,0
33318,2.928593874,3.730547905,0.343799501,1.06080997,0.413788885,0
29295,2.927230835,4.659999847,1.056316548,1.202023864,0.384742945,0
6483,2.833778858,3.103154898,0.155182593,2.910118341,0.420354068,1
41216,2.707806587,3.806993723,0.36288404,0.913769007,0.410531223,0
24225,2.383509874,5.117277622,1.699938652,1.408916593,0.372697204,0
17693,2.797412395,3.240463972,0.240913452,0.622736275,0.417067647,1
19131,2.852265835,4.042045593,0.374447488,0.69418031,0.410531223,0
48542,2.698981047,5.153216362,1.945165213,0.202453285,0.36684534,0
21005,2.990826607,5.424685955,1.608634202,0.777611256,0.372697204,0
18736,3.110046387,5.057962418,1.208293017,0.508739173,0.381656826,0
356,2.529525757,4.00133419,0.825976602,1.714028955,0.391054988,0
8191,2.934722185,4.153319359,0.429496169,0.533995271,0.410531223,0
8189,3.421529055,5.547766685,1.27054815,1.193918109,0.381656826,0
35010,2.63112092,3.458749294,0.38945639,0.184406176,0.413788885,0
20763,3.421529055,5.599675655,1.272323328,1.193918109,0.381656826,0
24041,2.216914654,4.678371429,1.703071709,1.732040524,0.372697204,0
42648,2.612202883,3.592872143,0.24587282,2.078104019,0.417067647,0
48678,3.463175774,-3.40282E+22,2.334988358,0,0.358228296,0
21592,2.860766411,4.541766644,1.13423743,0.808616936,0.384742945,0
24188,2.579004765,4.701892376,1.497628611,1.030670881,0.375641882,0
11558,3.499451637,5.353519917,1.237093481,1.646739125,0.381656826,0
41678,2.938016653,3.514005899,0.21141253,0.800592244,0.417067647,0
42988,3.073483944,4.668032646,0.786657097,2.218553066,0.394264102,0
9997,2.596582174,3.303037167,0.273346315,0.767852306,0.413788885,0
25557,2.630490303,3.278746843,0.242224867,1.101168633,0.417067647,0
54561,3.073483944,4.277080059,0.795188443,2.218553066,0.394264102,0
25558,2.630490303,3.16266489,0.252344023,1.3231529,0.413788885,0
35011,2.776302814,3.537075996,0.355807718,0.577594101,0.413788885,0
50946,2.544360161,4.843408585,2.083119678,0.373042703,0.36394155,0
11560,3.203053713,5.356877327,1.175312412,2.485794067,0.384742945,0
11705,3.325684309,4.684717178,0.673655934,0.796398044,0.397495538,0
9998,2.596582174,3.359460831,0.252355751,0.813006043,0.413788885,0
20986,4.29633379,5.327093601,1.045144198,2.867438316,0.387878001,0
11562,2.963168383,5.005271912,1.147683556,1.440225124,0.384742945,0
42649,2.938016653,3.526275158,0.214762203,0.386912584,0.417067647,0
50947,2.544360161,4.899886131,2.081287253,0.749047637,0.36394155,0
42989,3.073483944,4.806418896,0.803013098,1.401829958,0.394264102,0
48674,3.680487156,-3.40282E+22,2.254885173,0,0.361068428,0
54560,3.270461559,4.690510273,0.808638997,1.401829958,0.396725565,0
16488,2.986664772,3.710427523,0.388853334,1.423055053,0.413011968,0
17047,3.150933027,5.448744774,1.41485268,1.111649394,0.381178647,0
37954,2.911895514,3.720211506,0.423614506,1.217244506,0.413011968,0
40435,2.33987546,5.256746769,1.791320729,1.212605834,0.372199774,0
17034,2.029932737,4.461939812,1.621068994,0.210689738,0.37817809,0
16849,2.505354881,3.039236069,0.075614742,0.421887696,0.42282483,1
43729,2.569061518,3.092897177,0.121874543,2.355664015,0.419541389,0
43730,3.395359278,3.962000847,0.158538667,1.276368737,0.419541389,0
42990,3.418940544,4.7877388,0.81201737,0.52815938,0.396725565,0
54585,3.270461559,4.745029926,0.814935932,0.52815938,0.396725565,0
15980,2.652944326,5.069154739,2.085255993,0.710868597,0.366234958,0
33095,3.395359278,3.961380243,0.163767736,2.305105925,0.419541389,0
37259,2.635971546,5.396933079,1.752779022,0.116263919,0.37518844,0
5252,2.569061518,2.955333471,0.098525389,1.059123158,0.419541389,1
20755,4.18874073,5.722891331,0.943487084,0.442269892,0.393531621,0
43873,2.986664772,3.918483734,0.368234363,0.829223394,0.413011968,0
43712,2.233058453,5.028389454,1.909011058,0.880727112,0.372199774,0
43880,2.873698711,3.780895948,0.346221775,0.780573666,0.41626814,0
23249,3.446119785,3.72802949,0.121011559,3.410694122,0.419541389,1
31785,3.027021885,3.56101203,0.200632614,1.079100728,0.419541389,0
23248,3.446119785,4.202189922,0.139119596,1.276368737,0.419541389,0
17039,3.550038576,5.241491318,1.129441599,1.069806218,0.390379012,0
352,2.178715229,4.75976038,1.843598498,2.01302886,0.372199774,0
8190,3.565270901,4.890262604,0.770490816,0.548826635,0.399953008,0
11554,3.590484858,5.525446415,1.242907467,0.30639261,0.387271017,0
37955,3.194533825,4.101708412,0.387614034,0.971525908,0.413011968,0
32579,2.849801779,3.514059067,0.227651629,0.967961907,0.41626814,0
43874,3.05481863,3.793455839,0.362732985,0.823203623,0.413011968,0
37258,2.240818024,5.192580223,1.783592812,2.875305891,0.37518844,0
48680,2.959601402,-3.40282E+22,2.454563234,0,0.360423833,0
25559,2.905616283,3.561383963,0.324856557,1.051901817,0.41626814,0
43713,2.509639263,5.15061903,1.918781119,0.736863911,0.372199774,0
11557,3.413787842,5.52421236,1.310651153,0.530640602,0.384206384,0
13803,2.313447475,4.670176983,2.005925281,0.656567633,0.369209528,0
8195,3.520195961,5.32991457,2.159693327,1.209472418,0.366234958,1
17036,2.218464851,4.232779026,1.5550351,1.054078937,0.37817809,0
43714,2.7047019,5.33086729,1.921294482,0.819259107,0.372199774,0
11676,3.099808693,4.097701073,0.375243736,0.974397123,0.413011968,0
25561,2.887721539,3.655482531,0.316644687,1.290824175,0.41626814,0
11561,3.457726002,5.359336376,1.255011329,0.398347676,0.387271017,0
24753,3.574356556,5.726233482,1.381327376,0.447284102,0.384206384,0
12460,3.095618248,3.99716258,0.421686769,1.024820566,0.413011968,0
48682,3.30601263,-3.40282E+22,2.394339367,0,0.360423833,0
38486,2.875677824,5.406794548,1.663111031,0.507869542,0.37817809,0
24751,3.544893503,5.685481071,1.358346432,0.137405783,0.384206384,0
38487,2.613656759,5.458690166,1.678436801,0.629996181,0.37518844,0
342,2.873716354,3.552230597,0.232031611,0.371872723,0.41626814,0
14089,2.409660816,4.548383713,1.776749289,2.138194084,0.37518844,0
17038,3.88628149,5.47612381,1.143677705,0.145558983,0.390379012,0
38485,2.613656759,5.330797672,1.684197095,3.124589682,0.37817809,0
48681,3.167196512,-3.40282E+22,2.487416664,0,0.360423833,0
5108,3.731796503,6.071013927,2.174644521,1.931167006,0.366234958,0
17045,3.012257099,4.233773708,0.7155501,0.1595781,0.406485081,0
13802,2.397598505,4.395490646,1.73588587,0.654211879,0.37518844,0
54579,3.069671392,5.202030182,1.425881891,2.843193293,0.384206384,0
30358,2.397598505,5.025777817,1.766591973,1.927405596,0.37518844,0
18853,3.444325686,4.506077766,1.044462255,2.668327093,0.393531621,0
29304,3.483833075,5.578945637,2.104581239,2.223938704,0.369209528,0
11563,3.49468565,5.384771824,1.288171821,0.54960382,0.387271017,0
6297,4.180614471,6.44113493,2.20690563,1.289213896,0.366234958,0
14936,2.31152463,4.532959938,1.978874114,0.775643766,0.369209528,0
30357,2.397598505,5.029633045,1.756744266,2.507134914,0.37518844,0
20764,3.117562294,4.266206264,0.588225393,0.822746396,0.409752995,0
37330,2.31152463,4.669323444,2.00670225,0.82503289,0.369209528,0
37523,3.114530325,4.132503033,0.53150313,0.59007889,0.409752995,0
54603,3.369405746,5.26930809,1.401521362,2.117452621,0.386723876,0
30642,2.201495171,5.130578041,1.737473172,2.279256582,0.377584279,1
37335,2.31152463,4.665624619,1.98246019,0.461568445,0.371414155,1
29303,3.171069145,5.207386971,2.07779113,1.719577432,0.371414155,1
37333,2.292893171,4.621037006,1.950594943,0.173166052,0.374504387,1
29840,1.874840975,4.17184782,1.605548425,2.836687803,0.380643904,0
37524,3.114530325,4.170817852,0.550346012,0.34270817,0.412224948,0
46037,3.0154984,3.996801615,0.438153163,1.272791266,0.415485233,0
37337,2.592647552,5.031170845,1.863596946,0.875035346,0.374504387,0
6295,1.914732933,4.908441067,1.679220123,2.318675995,0.380643904,0
31950,1.914732933,4.720722675,1.667228963,2.318675995,0.380643904,0
347,1.874840975,4.20897007,1.603117558,2.836687803,0.380643904,0
37332,2.320359707,4.723814011,1.932170629,0.197511509,0.374504387,1
54604,3.369405746,5.128052235,1.421317008,2.118242741,0.386723876,0
14185,2.693235874,5.038400173,1.644420397,3.02442503,0.380643904,0
30356,2.497775555,5.159995079,1.783151356,0.693809986,0.377584279,0
6294,2.535733461,4.958922863,1.895575971,0.882111728,0.374504387,1
9309,2.693235874,5.038400173,1.645627694,3.02442503,0.380643904,0
30355,2.568410397,5.169796467,1.77744125,0.693809986,0.377584279,0
5106,2.682289839,5.234089851,1.69317407,0.836185575,0.380643904,1
29302,2.673727512,4.939599037,2.070514709,1.135069132,0.371414155,1
38407,2.464358568,4.926163673,1.81847618,1.017489433,0.377584279,0
37338,2.535733461,4.875049591,1.88028426,0.975361109,0.374504387,0
37331,2.493564844,4.770170689,2.015940172,3.180131435,0.371414155,1
30772,2.524176121,5.056550503,1.845660173,0.838302314,0.377584279,0
31951,2.682289839,5.221360683,1.679966946,2.070521116,0.380643904,1
348,2.382259369,4.692922115,1.916035491,2.921132326,0.374504387,1
25563,2.497775555,5.015625,1.794905539,1.118475437,0.377584279,0
54578,2.697061539,4.657103539,1.460103827,1.138459802,0.386723876,1
34286,2.382259369,4.692922115,1.918611693,2.921132326,0.374504387,1
17037,2.499814272,4.630865574,1.469312542,1.138459802,0.386723876,0
54602,2.697061539,4.92520237,1.440374369,1.369756103,0.386723876,1
31952,2.693235874,5.263280869,1.672038735,2.678633928,0.380643904,1
39639,2.301699162,4.564876556,1.527554983,0.527678907,0.383685082,1
37334,2.444607258,4.725143433,1.974143478,2.507736444,0.374504387,1
25564,2.497775555,4.985701084,1.808256533,5.695837021,0.377584279,0
37336,2.493564844,4.787993431,2.007097004,3.180131435,0.371414155,1
40489,2.444607258,4.496306896,1.987736002,2.507736444,0.374504387,1
14186,2.693235874,5.096940517,1.669226728,2.580883026,0.380643904,1
23240,2.881676674,3.814087868,0.455715533,0.291659415,0.415485233,0
34287,2.382259369,4.653324604,1.930397189,2.921132326,0.374504387,1
9310,2.693235874,5.096940517,1.669926982,2.580883026,0.380643904,1
9193,3.296550274,5.066231728,2.201557677,1.700458407,0.368341625,0
20757,3.699226618,5.706315994,1.293619658,0.995681465,0.389779389,0
43715,2.524176121,4.756998062,1.85686719,3.875982046,0.377584279,0
14187,2.693235874,5.175007343,1.66223208,1.342527032,0.380643904,1
29292,4.093566895,5.852048397,1.192325148,0.431934714,0.392868817,0
29291,4.217652321,5.855087757,1.182181481,1.202767134,0.392868817,0
9312,2.693235874,5.175007343,1.663428411,1.342527032,0.380643904,1
38405,0.703269958,4.634924889,1.845496825,9.391685486,0.377584279,0
37234,3.557798386,5.273208141,1.159019028,2.237733603,0.392868817,1
19252,2.885207891,4.16121912,0.725552887,0.593046427,0.408953369,0
38406,0.703269958,4.528949261,1.834120857,9.416513443,0.377584279,0
25565,0.471677303,4.20515871,1.81618922,9.521544456,0.377584279,0
51722,0.927895546,4.684249401,1.88553283,9.073220253,0.374504387,0
20963,3.155099392,4.498969078,0.867222051,0.363966405,0.402413458,0
29841,2.26585865,5.17450285,1.637095595,8.890441895,0.380643904,1
34289,1.248580456,4.267019272,1.924381861,8.708451271,0.374504387,1
34288,1.248580456,4.250424862,1.93568796,5.304907799,0.374504387,1
351,3.792307377,5.440399647,1.238066043,1.359273672,0.392868817,0
12378,2.737707853,4.797213078,1.467084601,0.203983575,0.386723876,1
32907,2.77855444,4.800351143,1.450624759,0.993102372,0.386723876,0
350,3.16112709,4.906328201,1.426560734,2.276364088,0.386723876,0
37235,3.87848711,5.288228989,1.181462229,2.237733603,0.392868817,1
25566,3.792307377,5.576453686,1.232854532,0.766181946,0.392868817,0
24004,2.447137594,4.505522728,2.082468027,0.654881954,0.371414155,0
48677,3.607052565,-3.40282E+22,2.396412369,0,0.365328729,1
25567,2.77855444,4.896673203,1.454131495,0.993102372,0.386723876,0
24003,2.698600292,4.534477711,2.16388848,1.044353724,0.368341625,0
25568,4.084395409,5.72456789,1.228210373,0.407609433,0.392868817,0
19708,3.00765276,4.211561203,0.858740396,1.03115499,0.405678034,0
32906,2.737707853,4.991457462,1.4777399,0.596576929,0.386723876,0
23242,4.187730789,5.523227215,0.991477351,0.212526456,0.399186373,0
4660,2.284835577,5.003412247,1.54922957,3.265890598,0.383685082,0
48675,3.591462135,-3.40282E+22,2.493646236,0,0.362403631,0
10619,1.514529467,4.986986637,1.558977232,5.611633778,0.383685082,0
6296,2.706073761,4.846702576,1.520112495,2.90557766,0.383685082,0
39590,3.903035402,5.332495213,1.068865023,0.261116236,0.39600274,0
24001,1.546592712,3.607881546,1.994822008,0.750793636,0.374504387,1
25569,3.842250347,5.677520752,1.238236258,2.1126647,0.392868817,1
25570,3.16104126,5.173195362,1.475960837,1.044227481,0.386723876,0
23998,2.548408031,4.38835144,2.08469808,0.455187559,0.371414155,1
32905,2.976912975,5.05816412,1.484634577,0.596576929,0.386723876,0
53615,3.728471756,5.642230034,1.374595123,0.803946257,0.389779389,0
39389,3.154752731,4.573458195,1.160248112,2.149305105,0.39600274,0
30775,3.842250347,5.217125893,1.231104248,3.066575527,0.392868817,1
39391,3.29235816,4.888317585,1.17988151,2.267796516,0.392868817,1
15361,1.817532897,3.907996893,2.029036839,1.315524101,0.374504387,1
39591,3.547038555,5.034479141,1.104742985,1.727756858,0.39600274,0
23996,3.046283245,4.644709587,2.191288011,0.854507625,0.368341625,0
25571,3.16104126,5.158010006,1.482082571,3.928482294,0.386723876,0
17857,2.712797165,4.748067856,1.209375904,2.637377977,0.392868817,0
54834,3.922134638,5.717107773,1.377149449,1.209364057,0.389779389,0
32236,3.922134638,5.537109852,1.364147661,0.712426364,0.389779389,1
39388,2.691106796,4.624844074,1.175695541,1.776175976,0.39600274,0
18760,2.883261919,3.750848055,0.39632179,0.213180557,0.415485233,0
5631,3.509797096,5.587175846,1.360717257,0.712426364,0.389779389,1
39390,2.691106796,4.793811798,1.189894759,3.210463285,0.392868817,0
18761,2.416291237,3.468175173,0.545547861,0.928373039,0.412224948,0
21591,3.085922241,4.997022629,2.263481289,1.250611424,0.368341625,0
23217,3.085922241,4.997022629,2.263481289,1.250611424,0.368341625,0
23233,2.636126041,3.571821928,0.481192449,0.468794435,0.412224948,0
24627,2.981251955,4.679018021,2.315977179,2.57511425,0.368341625,0
25575,2.776727676,3.869391441,0.438697919,0.614922166,0.415485233,0
17046,3.14696002,3.824850082,0.219457652,0.238673791,0.418740332,0
30364,2.781942129,4.823552608,1.16617452,3.174012423,0.39600274,0
24629,3.085922241,4.666403294,2.26575917,2.916021585,0.368341625,0
24599,3.085922241,4.636264324,2.285050085,2.404877901,0.368341625,0
19127,2.829065323,3.800219536,1.249137291,3.517392874,0.392868817,0
19125,2.981251955,4.514621735,2.327377883,1.73462224,0.368341625,1
24628,2.314934254,4.429238319,2.317659839,2.562187672,0.368341625,1
54833,2.893408775,5.839157581,1.421286345,5.26984024,0.389779389,0
17684,2.535696745,3.941382408,1.186961111,1.676975608,0.398471147,0
24603,2.401103497,4.577995777,2.296436517,7.587110043,0.370285124,0
30362,3.471609831,5.065097332,1.166002714,1.840525389,0.398471147,0
33309,2.612050533,4.160345078,1.246626587,1.209325314,0.395344853,0
30363,2.535696745,4.220129967,1.184218954,4.375295162,0.398471147,0
16614,2.676318645,3.924405098,0.784234656,0.792649806,0.411417276,0
17043,2.929788828,4.170165062,0.905045248,0.311511785,0.40814507,0
24616,2.314934254,4.245620251,2.331900381,4.739437103,0.370285124,1
24626,2.631104469,4.408207417,2.347348439,4.739437103,0.367183775,1
25578,2.906633139,3.845226526,0.426604479,0.47057417,0.417948425,0
19728,3.89230442,5.224140167,1.117369594,1.481600285,0.401652157,0
33302,2.738955975,3.720828056,0.521251899,0.438384473,0.41468662,0
14095,2.609525442,3.926739693,0.72204363,0.347945511,0.411417276,0
43864,2.535696745,4.265176773,1.212213236,1.147714376,0.398471147,0
20765,3.209605217,4.394222736,1.011055127,0.343969852,0.404883444,0
31786,2.738955975,3.780832529,0.502559422,0.65233624,0.41468662,0
21679,2.707437992,3.944466829,0.750428974,0.286488056,0.411417276,0
31730,3.558971405,5.080103397,1.162012536,0.986701071,0.398471147,0
43866,2.882202625,4.359389782,1.233831683,1.474443436,0.398471147,0
17041,3.325103283,4.128000736,0.309872171,1.454816461,0.421201736,0
33310,2.968218327,4.492754936,1.27272933,0.522672892,0.395344853,0
37238,2.564404964,3.684477568,0.527904272,0.109101899,0.41468662,0
43867,2.882202625,4.428450584,1.249060583,0.415309757,0.395344853,0
42170,2.673271179,3.960633039,0.630744108,0.482285142,0.41468662,0
42169,2.577825546,3.852157831,0.607306877,1.126954556,0.41468662,0
51762,3.690231323,5.12630558,1.159946121,0.419947833,0.401652157,0
16485,2.679376841,3.408006907,0.42099503,0.637583852,0.417948425,0
15990,2.50945425,3.908593655,0.822095438,0.417550772,0.40814507,0
37237,2.545396805,3.635785341,0.526427528,0.237998605,0.41468662,0
51763,3.639251947,5.041728497,1.183208707,0.692569971,0.398471147,0
42174,2.577825546,3.882302523,0.624266412,1.254753709,0.41468662,0
15981,2.724889278,3.986845016,1.347006971,2.727549791,0.395344853,0
5111,2.650286913,3.780403376,0.506310722,0.787621975,0.41468662,0
4987,2.574997902,3.810188293,0.706003285,0.204415068,0.411417276,0
51757,2.620576382,4.4007864,1.225942544,3.756338358,0.398471147,0
9062,2.433289051,3.507996082,0.577358505,0.319667071,0.41468662,0
37539,4.16069746,5.51086235,1.119848422,1.439658403,0.401652157,0
15368,2.523055315,3.769884348,0.669676331,0.764919698,0.411417276,0
19710,4.213303566,5.617717743,1.142393788,0.849806666,0.401652157,0
40026,2.545396805,3.674363136,0.535526618,0.503344238,0.41468662,0
27707,2.42194128,3.936254501,1.330781016,2.100207567,0.395344853,0
11658,2.657910824,4.339684486,1.308186155,1.89653337,0.395344853,0
17689,2.916163683,3.594711781,0.194386941,0.271327198,0.421201736,0
43909,2.557718754,3.476793051,0.413498583,0.443535119,0.417948425,0
30823,2.709127426,3.626228094,0.363552069,1.881871343,0.417948425,0
30088,2.560707331,3.81517601,0.706629043,0.530762851,0.411417276,0
15334,2.538563251,3.786953449,0.767240449,0.677217305,0.411417276,0
15340,2.538563251,3.762262344,0.739474337,0.246838376,0.411417276,0
14291,2.657910824,4.230089188,1.311970036,1.89653337,0.395344853,0
25593,2.414897442,3.257260323,0.511013145,0.437364519,0.41468662,0
17685,2.339593172,3.584967375,1.257348804,0.771789253,0.398471147,1
37216,2.679608822,3.924819231,1.285652599,2.033089161,0.398471147,0
43910,2.557718754,3.439064264,0.413070685,0.805896401,0.417948425,0
27706,2.256015301,3.654141426,1.368538565,1.743953347,0.395344853,0
326,2.904788971,3.260736942,0.061031145,1.095720887,0.424456805,0
16709,2.080112457,3.678820133,1.357297329,1.735026121,0.395344853,0
25596,2.284446716,3.382602453,0.481936781,0.487580627,0.417948425,0
24662,3.435189247,4.658279896,0.903820268,1.406968117,0.40814507,0
40925,2.372965097,3.471477032,0.580927884,0.410891861,0.41468662,0
25600,2.29829216,3.256010532,0.426862949,0.805896401,0.417948425,0
24661,3.435189247,4.66616106,0.888578772,1.406968117,0.40814507,0
37217,2.207987309,3.636214972,1.279861903,2.005173683,0.398471147,0
29290,2.145335674,3.621831656,1.351729173,1.11151123,0.395344853,0
30070,2.265338182,3.44389534,0.605171166,0.427215397,0.41468662,0
37215,2.222278595,3.761726141,1.299856787,3.49989295,0.398471147,0
21004,3.545594215,4.780100346,0.921261457,0.686706185,0.40814507,0
26283,2.222278595,3.045900583,1.317161021,4.415491104,0.398471147,1
37717,1.932134271,3.220850706,1.385947183,1.012625575,0.395344853,0
40930,2.495510578,3.634741783,0.673774119,0.739021182,0.413873911,0
14937,2.808924675,3.389278173,0.322083718,1.268155098,0.423651218,0
7102,2.776341438,3.232783079,0.12668035,2.308951616,0.426905036,0
25605,2.29829216,3.265287161,0.440780439,0.087204367,0.42039603,0
30056,2.828829288,3.596894264,0.109197124,1.887878299,0.426905036,0
25606,2.17341733,3.289845467,0.511804257,0.650430202,0.417136729,0
25607,2.256750107,3.290063858,0.460540374,0.262372762,0.42039603,0
308,1.62697649,3.184148312,1.44294991,1.752044439,0.394715875,0
17687,3.189419746,4.417665958,1.25578322,2.063358068,0.400953025,0
51779,3.553709269,4.07677269,0.082937192,2.412591457,0.426905036,0
7114,3.515170813,4.131841183,0.128085705,2.013518333,0.426905036,0
30068,2.300042868,3.514630556,0.599723352,0.290294677,0.417136729,0
40924,2.300042868,3.596408367,0.576162258,0.786689281,0.417136729,0
37716,2.012581348,3.327543497,1.404414584,0.92344743,0.397815257,0
23008,3.890876293,5.219346523,1.197894981,2.487402678,0.404134929,0
4672,2.276397228,3.526780844,0.563011922,0.786689281,0.417136729,0
4670,2.276397228,3.588308573,0.558665849,1.024576068,0.417136729,0
17690,2.223678827,3.262832165,0.478937449,0.314555824,0.42039603,0
17172,4.208920479,5.670392036,1.109279814,2.019291639,0.407359362,0
37667,1.869002104,3.25291729,1.39895606,1.156476259,0.397815257,0
19716,3.217299938,4.435784817,1.045870259,1.093229413,0.407359362,0
6302,2.276397228,3.369033098,0.534137105,0.510830879,0.417136729,0
50158,3.642927408,4.818581581,1.264420332,1.571152568,0.400953025,0
37827,1.887654305,2.986094713,1.322045232,1.995474339,0.400953025,0
8112,3.890876293,4.864379406,1.209872111,2.862681389,0.404134929,0
49823,2.772020102,3.327112675,0.191850343,1.641531944,0.423651218,0
345,1.869002104,2.951363564,1.400080746,1.664744854,0.397815257,0
18800,2.277810335,3.587529659,0.659190383,0.88367939,0.413873911,0
37828,1.472850323,2.913908958,1.34734889,0.92180413,0.400953025,0
51780,2.90437746,3.92808795,0.0826592,1.260878563,0.426905036,0
12316,2.958242416,4.305323601,0.797338277,0.765030026,0.413873911,0
29371,2.927282572,3.496583939,0.268044517,1.453423262,0.423651218,0
11693,2.267925978,3.319145918,0.479615862,0.471720278,0.42039603,0
39556,2.487438679,3.445840836,0.420070644,1.006462336,0.42039603,0
50435,3.231813908,4.721812248,1.284365685,3.764171124,0.400953025,0
32583,2.155700684,3.594586134,1.324169937,2.709297657,0.400953025,0
15989,2.927282572,3.589496613,0.246197239,0.665500879,0.423651218,0
12094,2.958242416,4.272734642,0.791286091,0.866367877,0.413873911,0
5116,2.913665771,3.068399429,0.111185552,2.378964663,0.426905036,0
54328,2.913665771,3.068399429,0.113013936,2.378964663,0.426905036,0
24195,3.137529373,4.431702137,0.843001072,0.711455286,0.410611212,0
33644,1.830381155,3.237659931,1.416280872,1.33022511,0.397815257,0
17686,1.830381155,3.057807207,1.431555789,1.299050808,0.397815257,0
8154,2.36362505,3.488179207,0.627804313,1.061830282,0.417136729,0
17044,3.795939445,4.727307796,0.976987364,1.233049989,0.407359362,0
11246,2.57058835,3.83524847,0.615659378,1.061830282,0.417136729,0
29495,3.182329893,4.093307495,0.785751192,1.333266258,0.413873911,0
25621,3.443651199,3.97274971,0.169952462,1.890133262,0.426905036,0
4659,2.34391737,3.307854176,0.520090545,0.48492837,0.417136729,0
25081,3.968050241,4.942009926,0.317872363,3.132066727,0.423651218,0
39557,2.273425579,3.130101919,0.424895238,1.460605025,0.42039603,0
17849,3.443651199,3.978889465,0.168118511,1.890133262,0.426905036,0
33645,2.223758221,3.332759142,1.454723818,1.070697188,0.397815257,0
54329,2.65955472,2.964318514,0.135628764,2.044563055,0.426905036,0
33231,1.991993427,3.111364603,1.371778879,0.740867853,0.400953025,0
33647,2.179781914,3.355329514,1.438087181,0.583346963,0.397815257,0
11238,2.57058835,3.716116428,0.636893197,1.500543952,0.417136729,0
33232,1.873665929,3.194138527,1.409503197,1.893994689,0.400953025,0
31738,2.179781914,3.252608776,1.431780642,0.323475957,0.397815257,0
14094,3.461752415,4.636596203,1.074812719,5.268517971,0.407359362,0
31737,1.873665929,3.155955076,1.409684275,1.893994689,0.400953025,0
11231,2.318996906,3.689596415,0.657710937,1.500543952,0.417136729,0
11247,2.55754137,3.951337576,0.607970175,2.361469746,0.417136729,0
38910,2.955554962,3.657739401,0.37072507,2.826357365,0.42039603,0
33646,2.223758221,3.381492138,1.454154721,1.070697188,0.397815257,0
38893,2.541200399,3.453446388,0.388471635,1.757889152,0.42039603,0
4433,2.242312908,3.125416279,1.302830116,2.218096018,0.400953025,0
15364,3.443651199,4.036992073,0.190831942,2.094110489,0.426905036,1
18753,3.533554554,4.009711266,1.18090928,4.746737957,0.404134929,0
25082,3.242346525,4.697836399,0.30405811,2.20830965,0.423651218,0
38410,2.497693539,3.58878231,1.463926008,0.872886658,0.397815257,0
25634,3.019168377,3.864906073,0.193225453,3.061359406,0.426905036,0
38894,2.855826855,3.505211592,0.385841946,1.816773415,0.42039603,0
30455,3.242346525,3.311445951,0.305289735,6.179567814,0.423651218,0
49782,2.825331211,3.315943241,0.120043963,2.412233591,0.426905036,0
309,1.874397755,3.211465359,1.526910112,2.120758057,0.397815257,0
20962,2.279867649,3.576999903,0.699517838,0.382049769,0.413873911,0
50489,2.559135199,3.635295391,0.47959659,0.618674874,0.42039603,0
38408,2.210155964,3.444504738,1.468324902,1.075266957,0.397815257,0
33229,2.825331211,3.145268202,0.145701383,1.415356517,0.426905036,0
41156,3.798783541,3.629327536,0.359256804,2.86651659,0.423651218,0
30830,2.539222479,3.64517498,0.527655204,0.311062664,0.417136729,0
25638,2.210155964,3.294915199,1.469205909,1.286064744,0.397815257,0
21600,3.657607079,4.478114128,0.9240658,2.852097988,0.410611212,0
25639,2.210155964,3.167991638,1.461007373,1.538540602,0.397815257,0
33233,1.663293481,2.885632992,1.414446609,1.340563297,0.400953025,0
11250,2.696012497,3.7769835,0.650145299,1.807427764,0.417136729,0
38409,2.418100834,3.508438587,1.493604106,0.892346978,0.397815257,0
26304,2.719977379,4.373398304,0.330360329,5.241985321,0.423651218,1
25640,1.777225256,2.607034206,1.446900623,1.800109267,0.400953025,0
37661,2.847190857,4.299167156,1.186335722,4.498086452,0.404134929,0
4673,2.793143749,3.60893178,0.420760324,1.787885785,0.42039603,0
25641,1.876307487,2.956317186,1.373049685,0.674715757,0.400953025,0
44067,2.553871155,3.545494318,0.473125954,0.365354419,0.42039603,0
25642,1.846273303,2.887772322,1.347933686,0.434410363,0.400953025,0
37761,2.847190857,4.408632755,1.169666899,4.500645161,0.404134929,0
30067,2.564847946,3.492730379,0.463162651,0.365354419,0.42039603,0
30454,2.719977379,3.275742531,0.312467537,1.317648053,0.423651218,1
37329,1.679185629,2.756602049,1.426945988,0.414481968,0.400953025,0
310,0.917274952,1.761500955,1.606240035,1.671258569,0.394715875,1
40470,2.574343204,3.562142849,0.506666725,0.541842461,0.42039603,0
40441,1.876307487,2.897650719,1.402069212,0.533279121,0.400953025,0
37662,2.847190857,3.159520149,1.199152144,7.270614624,0.404134929,0
5657,1.777225256,2.84791708,1.457951679,2.064116716,0.400953025,0
37328,1.679185629,2.602287292,1.432342763,0.414481968,0.403432131,0
35009,2.327378511,3.548520088,0.616853862,0.436889619,0.419570386,0
30453,2.719977379,3.251803398,0.338021581,2.929614067,0.42608273,1
37760,2.847190857,4.151391029,1.178842425,4.500645161,0.406612396,0
49781,2.933139563,3.310227156,0.150941336,0.737199426,0.429339528,1
51016,3.111053467,4.243327141,0.949530838,1.285545349,0.413068056,0
44065,2.553871155,3.522885084,0.487498952,0.493182003,0.42282635,0
51761,2.989935637,4.190164566,0.934376129,0.951126039,0.413068056,0
5585,2.313826084,2.828566551,0.273425187,1.043107271,0.42608273,1
51734,2.687405825,3.523319483,0.430294401,0.529402673,0.42282635,0
30066,2.561612129,3.487872839,0.46560751,0.360299408,0.42282635,0
15986,2.254830837,3.629831314,0.818517201,0.52520442,0.41631794,0
30452,2.708147526,3.28621459,0.35564421,1.336343527,0.42608273,1
4989,2.480471373,3.842589617,0.652161509,0.649523735,0.419570386,0
44066,2.482538462,3.510646343,0.48473965,0.360299408,0.42282635,0
40440,1.556332827,2.784681559,1.39504305,1.751792192,0.403432131,0
26400,2.319107533,3.659641504,0.763502413,0.31540817,0.41631794,0
25646,1.635047674,2.844647408,1.336804986,1.120306849,0.403432131,0
5114,2.596913338,3.13755846,0.209538899,0.356466681,0.429339528,1
51015,2.65353632,4.038732529,0.936189306,1.785500407,0.413068056,0
34291,2.3279953,3.600766659,0.841316509,0.463963747,0.41631794,0
51748,2.708147526,3.513917446,0.38539946,0.624133945,0.42608273,0
51017,2.859550953,4.041401386,0.946903823,1.449237823,0.413068056,0
51760,2.65353632,3.931210041,0.922052233,2.079554558,0.413068056,0
51758,1.646983385,2.711253881,1.351091722,1.191033721,0.403432131,0
9681,2.245238066,2.551160336,0.303313163,1.317296624,0.42608273,1
34290,2.3279953,3.554817438,0.855037908,0.638592362,0.413068056,0
27409,2.015258551,3.981245518,1.178611814,5.426413059,0.406612396,0
27408,2.015258551,2.293718576,1.207746354,6.01913929,0.406612396,0
25651,2.323823452,2.776781082,0.265761285,1.128026962,0.42608273,1
5586,2.530613899,3.821938753,0.638762984,0.508934379,0.419570386,0
4988,2.480471373,3.832450151,0.648596491,0.508934379,0.419570386,0
17692,2.667224407,3.384168148,0.511540059,0.737047613,0.42282635,0
34292,2.244434834,3.585575104,0.835289512,0.13307029,0.41631794,0
30376,2.78908205,3.537120342,0.466088277,0.825027943,0.42282635,0
25653,2.405056238,2.843899965,0.249778734,0.818495691,0.429339528,1
346,1.6221807,2.441706657,1.357404615,0.656374276,0.403432131,0
30377,2.78908205,3.621133327,0.479649317,0.825027943,0.42282635,1
339,2.042429924,2.733150244,0.368689554,2.642014027,0.42608273,1
32890,1.685523748,2.684939861,1.331633462,0.840862632,0.403432131,0
56974,2.714129925,3.606820345,0.993297234,2.118091583,0.413068056,0
32889,1.628687143,2.654423237,1.317157839,0.840862632,0.403432131,0
18748,2.512460709,3.650513887,0.947410607,0.994032383,0.413068056,0
34293,2.244434834,3.564596653,0.84894408,0.443914622,0.41631794,0
12093,3.058387756,3.629910231,1.184811103,5.469125748,0.406612396,0
4990,2.451965809,3.739591837,0.626987389,0.639372289,0.419570386,0
33313,1.628687143,2.557135582,1.290545825,0.972397327,0.406612396,0
38440,2.451965809,3.721129417,0.654878824,0.392625749,0.419570386,0
30379,2.78908205,3.638743162,0.47794239,0.283354789,0.42282635,1
32887,1.685523748,2.769785643,1.334980764,0.692253947,0.403432131,0
32888,1.825850248,2.734460115,1.318987694,0.944363773,0.406612396,0
30378,2.8558321,3.623432398,0.484221513,0.283354789,0.42282635,1
30649,1.89459753,2.459059,0.381919839,2.451593399,0.42608273,1
30784,2.727895021,3.678031445,0.505562315,0.303797066,0.42282635,1
25657,2.179062605,2.686555147,0.281505774,0.954326868,0.429339528,1
4439,2.572471142,3.706622601,0.665523317,0.76686281,0.419570386,0
25660,2.083362103,2.528329849,0.300703537,0.540202379,0.42608273,1
4440,2.62498045,3.731303215,0.577383716,0.148401052,0.419570386,1
54294,3.003777742,3.632107019,0.432588984,0.350484699,0.42282635,1
40469,1.866923809,2.798366547,1.335215506,0.311406195,0.403432131,0
38441,2.557450294,3.833846331,0.660741136,0.76686281,0.419570386,1
54295,2.96220994,3.664276838,0.454543915,0.521555185,0.42282635,1
40468,1.825850248,2.740991116,1.29877178,0.747026622,0.406612396,0
30650,2.480110407,2.818235397,0.400713574,3.45260334,0.42608273,1
57633,2.083362103,2.617653847,0.309149792,0.422190458,0.42608273,1
18742,2.507786512,3.2552526,1.051881272,2.257811785,0.409828305,0
25664,2.480110407,2.72424078,0.401583335,2.451625109,0.42608273,1
38442,2.557450294,3.835453749,0.647444495,0.422105342,0.419570386,1
54296,3.003777742,3.779465199,0.443154674,0.350484699,0.42282635,1
9061,2.533051968,3.25375247,1.180688454,4.168135643,0.406612396,0
29362,2.727895021,3.633246899,0.533136013,0.102539063,0.42282635,1
5118,2.8558321,3.68795681,0.511988772,0.99098295,0.42282635,1
32715,1.75390923,2.020588636,0.201665223,0.778078377,0.429339528,1
50100,1.569640636,2.973181248,1.205016496,2.837749481,0.406612396,0
4438,2.860458374,4.16834116,0.841452501,0.475395322,0.41631794,0
25666,1.968411565,2.675733805,0.406803241,1.440925717,0.42608273,1
53985,2.733167171,3.702078104,0.446146172,3.309746504,0.42282635,1
337,2.485197067,3.878408194,0.73739599,0.902496219,0.41631794,0
4650,2.791279793,4.065039635,0.810139195,1.3324368,0.41631794,0
5120,2.059378147,2.440870762,0.296083997,0.408140004,0.429339528,1
43918,2.660984993,3.618946791,1.165826735,2.789129019,0.409828305,1
43818,2.769165516,3.625437737,0.475953915,2.840263605,0.42282635,1
32339,2.769165516,3.547094584,0.493053318,2.891673803,0.42282635,1
17858,2.660984993,3.58380127,1.139414232,3.600172043,0.409828305,1
27345,2.540475368,4.143351078,0.754249765,1.595034599,0.41631794,0
9996,2.8095994,3.678969383,0.538822624,2.642898321,0.42282635,1
37518,2.660984993,3.58380127,1.140334445,3.600172043,0.409828305,1
4986,2.791279793,4.076782703,0.835699757,0.928985298,0.41631794,0
43881,2.660984993,3.311070681,1.150284163,3.600172043,0.409828305,1
19703,3.089535475,3.948104858,1.037145388,1.196460366,0.409828305,0
8091,2.445083618,3.519429684,1.097963592,1.528918147,0.409828305,0
15682,1.81971097,2.187292576,0.158501137,1.062095761,0.432600677,1
43817,2.185794353,2.871175528,0.496567235,1.505074382,0.42282635,1
25672,2.681136608,3.682909966,1.062718607,0.984946072,0.409828305,1
35012,2.093937874,2.57700634,0.4297894,0.930101454,0.42850551,1
43882,1.870973825,2.947848558,1.170324125,2.904982805,0.412280351,1
15118,2.146620274,2.773762465,0.517030966,1.934622645,0.425246567,1
32341,2.146620274,2.773762465,0.517105754,1.934622645,0.425246567,1
43815,2.146620274,2.841477871,0.526732571,1.78352201,0.425246567,1
27346,2.74019146,3.933322906,0.738507921,1.259197354,0.421992004,1
25674,2.099909782,3.07966876,1.12618683,1.612775683,0.412280351,1
15369,2.146620274,2.862780333,0.542645542,0.565504253,0.425246567,1
4667,3.132917404,4.174892902,0.960872726,1.446925282,0.415511549,0
31721,2.391266584,3.553655624,0.580166575,3.351135492,0.425246567,1
25678,2.982952595,4.227992058,0.861062225,0.523080349,0.418750286,0
25679,1.778234005,2.23041749,0.40110045,0.867482424,0.42850551,1
43814,2.041627407,2.823483706,0.551123609,0.565504253,0.425246567,1
336,2.226840973,3.166422129,1.11735569,0.307976037,0.412280351,1
24452,1.969099402,2.922479868,1.175407056,1.757298589,0.412280351,1
32937,2.058805943,2.571518183,0.462337125,0.594271064,0.42850551,1
25681,1.778234005,2.177175999,0.385519105,0.525072157,0.42850551,1
44375,2.593636274,3.619677067,1.061021126,1.106692433,0.412280351,1
41161,2.058805943,2.481395006,0.44565214,0.707999408,0.42850551,1
25682,2.243060112,3.191980124,1.128008848,0.556541204,0.412280351,1
15342,2.041627407,2.852292299,0.550669011,0.938015223,0.425246567,1
18964,3.195843935,4.128516197,0.624038639,1.20514071,0.421992004,1
32938,2.058805943,2.498200655,0.456719822,0.594271064,0.42850551,1
46159,2.593636274,3.685523272,1.061044749,1.502391934,0.412280351,1
34255,1.320991755,2.403642654,1.194236386,2.816411018,0.412280351,0
15343,2.14482832,2.617112398,0.476953442,0.774435222,0.42850551,1
45029,3.033400774,4.331088543,0.793222937,0.483970642,0.418750286,1
4669,3.011022806,3.949574471,0.96725998,1.600959063,0.415511549,1
11706,3.078071833,4.431572914,0.818511884,0.719092727,0.418750286,0
9785,2.982952595,4.177846432,0.887372418,0.729315519,0.418750286,0
37674,3.008297443,4.335362434,0.900991185,0.643607199,0.418750286,0
6481,2.226840973,3.272127867,1.118593042,0.654684067,0.412280351,1
25684,3.011166334,4.3321805,0.854999731,0.879548907,0.418750286,0
31725,3.030949593,4.347647667,0.768987204,0.3465285,0.418750286,1
45028,3.033400774,4.379648685,0.79070035,0.611048937,0.418750286,1
32242,3.315040588,4.264243603,0.632554687,1.130519152,0.421992004,1
30825,2.696590185,3.727193594,1.048637623,1.149203897,0.415511549,1
9787,3.261912823,4.305851936,0.91206061,0.643607199,0.415511549,0
34253,1.338362694,2.110162735,1.184005215,1.555977583,0.409068912,0
40933,2.480233431,3.675241232,1.083239045,1.844338417,0.412280351,1
33315,3.197921276,4.27492094,0.740941501,0.701554894,0.421992004,1
41160,1.930622458,2.428940773,0.458373776,1.136855006,0.42850551,1
32959,1.930622458,2.48726964,0.465033719,0.900892615,0.42850551,1
37675,3.261912823,4.299917698,0.91289083,0.862589538,0.415511549,0
32936,1.930622458,2.586952925,0.477522077,0.900892615,0.42850551,1
15363,2.358855486,3.344986439,1.148299955,1.306474686,0.412280351,1
4627,1.960416079,2.502589226,0.499830701,0.997650981,0.425246567,1
25690,2.392481804,3.195676088,1.112190267,0.823465586,0.412280351,1
4648,3.197921276,4.262244225,0.754208843,0.701554894,0.421992004,1
34254,1.864909768,2.763197184,1.167196845,2.187248707,0.412280351,1
338,1.960416079,2.395335197,0.509622906,0.518652201,0.425246567,1
54124,2.942225456,3.94899559,0.969145485,1.68870163,0.415511549,1
22311,3.284142494,4.389536381,0.690456667,1.025879025,0.421992004,1
18801,1.633485317,1.895412207,0.425849698,0.720323622,0.42850551,1
37676,3.228874207,4.381868839,0.903164512,1.914267182,0.418750286,1
30083,3.194286823,4.360449314,0.778204253,0.856488526,0.418750286,1
15988,3.255230665,4.43770647,0.877290187,1.739293098,0.418750286,1
32243,3.315040588,4.167236805,0.653191256,3.134716272,0.421992004,1
25694,2.358855486,3.477942467,1.141504277,1.087808013,0.412280351,1
17420,2.568185806,3.417064428,1.114680538,0.635261595,0.412280351,1
4647,3.292968273,4.34252882,0.772291298,1.144586205,0.421992004,1
39559,3.594789743,4.639007568,0.814154802,0.72598666,0.418750286,1
7528,2.21654892,2.862512827,0.57726211,0.339619935,0.425246567,1
30087,3.292968273,4.751949787,0.799982133,0.7937029,0.418750286,1
25696,2.604203701,3.49448514,1.093636608,1.131613135,0.412280351,1
33257,2.83516264,4.1145401,0.752556229,2.21372056,0.421992004,1
26396,3.792572975,4.591374874,0.897574405,1.465551496,0.418750286,1
37031,2.203152657,2.872843742,0.620509492,1.502585411,0.425246567,1
4985,1.166430712,1.821922541,1.131998724,4.337211609,0.412280351,1
335,2.588018656,3.377707005,1.064842471,0.754798949,0.415511549,1
54125,3.152148724,4.165223598,0.964797064,1.403583169,0.415511549,1
15362,2.09170723,2.655157804,0.565340078,0.481414616,0.425246567,1
17421,2.568185806,3.510316849,1.121511278,0.572695136,0.412280351,1
6300,2.636902571,3.723514318,1.044986856,1.314509153,0.415511549,1
39560,3.579492807,4.768341064,0.847618008,4.580460548,0.418750286,1
11692,2.774555922,4.215388775,0.986024508,2.941366434,0.415511549,1
37030,2.215340376,2.948698759,0.63281402,0.264179915,0.425246567,1
30095,2.648930073,3.573281527,1.102238418,0.144114017,0.412280351,1
6301,2.648930073,3.646166563,1.093802944,2.896232128,0.412280351,1
37032,2.215340376,2.910872936,0.626677135,0.264179915,0.425246567,1
29544,2.300893545,3.007918119,1.087907148,2.815107346,0.412280351,0
299,1.866146207,1.996153951,0.261422516,0.468510002,0.434205651,1
11477,1.798434019,2.589630365,0.742777842,0.83458358,0.424421221,1
11476,1.85584259,2.735787153,0.755273202,0.83458358,0.424421221,1
334,1.680793762,2.348476887,0.934560996,0.762685418,0.42117691,1
19098,1.529650688,2.380150318,1.037520696,0.366115779,0.414710581,0
22361,1.209717989,3.220000029,2.409983337,0.326106042,0.371583194,0
20961,1.480917811,2.265078783,1.014078645,0.379731536,0.414710581,1
2771,1.271562815,3.464109182,2.343514749,0.619864225,0.371583194,1
22360,1.092750788,3.292000771,2.398512698,0.445268631,0.371583194,0
10934,1.226728678,3.235082626,2.387086641,0.624993145,0.371583194,0
38451,1.242486715,3.459996223,2.366551786,0.358109951,0.371583194,0
19105,1.588800192,2.371540546,0.924390804,0.792773664,0.417940497,0
38450,1.438364744,3.485340357,2.37753794,0.72032553,0.371583194,0
38449,1.360450029,3.454295635,2.349261841,0.590878606,0.371583194,0
25728,1.588800192,2.330875635,0.908237139,0.770721972,0.42035684,0
32575,1.360450029,3.530632019,2.342388711,0.679867506,0.373918027,0
32564,1.458460569,3.659085512,2.340247663,0.911758423,0.373918027,0
30755,1.446008682,3.539878368,2.255267515,0.530367494,0.373918027,0
10990,1.54156518,3.627812147,2.308412448,1.285758018,0.373918027,0
44104,1.54156518,3.627812147,2.311673267,1.285758018,0.373918027,0
44105,1.54156518,3.658857584,2.333003726,0.481353194,0.373918027,0
43246,1.419728518,3.704660654,2.311014117,1.116805553,0.373918027,0
25758,1.43637991,3.600104809,2.231583961,0.96312505,0.376490086,0
3718,1.588507414,3.734742403,2.275452694,0.596515477,0.376490086,0
3714,1.372982025,3.349150181,2.19759595,0.549021125,0.376490086,0
5502,1.372982025,3.377519131,2.226434795,0.232611731,0.376490086,0
25765,1.402123451,3.380520821,2.244602115,0.721617162,0.376490086,0
42878,1.372982025,3.383405924,2.208166347,0.376521677,0.376490086,0
25769,1.277207971,3.22529006,2.157818028,0.484152079,0.376490086,0
42879,1.36587739,3.383215904,2.206794362,0.573437631,0.376490086,0
25778,1.503456712,3.358743191,2.169457423,0.659209728,0.376490086,0
6440,1.592285633,3.78430295,2.249588897,0.809991479,0.376490086,0
10918,1.548903227,3.634495735,2.235602664,0.446474195,0.376490086,0
3711,1.592285633,3.643443108,2.269024068,0.802297473,0.376490086,0
49267,1.431296945,3.504723072,2.127768408,1.105782151,0.379652143,0
10919,1.548903227,3.623420477,2.224924791,0.53207916,0.376490086,0
16954,1.764906406,3.742329359,2.14825359,1.233817697,0.376490086,0
3702,1.530958414,3.588496447,2.257794236,0.375416666,0.376490086,0
2719,1.429786801,3.295987368,2.073498893,0.541508079,0.379652143,0
11392,1.696519613,3.713900805,2.181352056,0.032636285,0.376490086,0
11390,1.637351751,3.838779688,2.209866116,0.48956427,0.37919122,0
10908,1.663538456,3.719361782,2.260690065,0.82172358,0.37919122,0
25795,1.651921511,3.666311026,2.212981832,0.784256637,0.37919122,0
5594,1.429998279,3.091928959,2.027090313,0.860316753,0.382344395,0
25799,1.565470695,3.657609463,2.226304971,0.615056992,0.37919122,0
2721,1.556328058,3.182176828,2.023808614,0.860316753,0.382344395,0
5591,1.660006762,3.454016924,2.074674608,0.672460556,0.382344395,0
5592,1.556328058,3.28962779,2.040070329,1.002043486,0.382344395,0
6453,1.494312167,2.900935411,1.950852545,1.125460625,0.385664493,0
2717,1.660006762,3.4714396,2.055852381,0.734464884,0.382344395,0
28538,1.701334476,3.82512641,2.118865682,0.17768161,0.37919122,0
2718,1.660006762,3.552985191,2.071837465,0.647231162,0.382344395,0
5024,1.696240664,3.598021746,2.0850618,0.314132571,0.382344395,0
3719,1.678107262,3.107396364,1.987049263,0.702719152,0.382344395,0
43869,1.614155293,3.436735868,2.015662318,1.03226459,0.382344395,0
4347,1.388666868,3.521183252,2.192045381,0.465956807,0.37919122,0
6441,1.517053604,3.422455072,2.163524211,0.096330516,0.37919122,0
10935,1.746759176,3.427181482,2.045663916,0.992540181,0.382344395,0
28539,1.752608299,3.735345364,2.111316136,0.680972815,0.37919122,0
38342,1.7879287,3.658300638,2.086692008,0.654984534,0.382344395,0
5689,1.436987877,3.449959993,2.152747403,1.031629562,0.37919122,0
5303,1.294567347,3.323387861,2.163048012,1.031629562,0.37919122,0
38341,1.752860785,3.568403006,2.082933535,0.47959733,0.382344395,0
28551,1.436987877,3.527285576,2.140266199,1.189692855,0.37919122,0
51192,1.678323507,3.665399313,2.064423612,0.160615057,0.382344395,0
57278,1.508731008,3.549525976,2.104135692,0.620580077,0.37919122,0
511,1.353753328,3.231745958,2.115402335,2.831413984,0.381958246,0
39885,2.322586775,4.119133472,1.954495663,2.011470079,0.385100812,0
8092,2.79750514,4.319890499,1.935008773,2.407031298,0.385100812,0
42896,2.739528179,4.704633713,2.160605047,1.321236134,0.381958246,0
10994,2.742011547,4.693498611,2.091813752,0.677173972,0.381958246,0
42717,1.807201147,4.185307503,2.196583545,2.336292267,0.381958246,0
42897,2.421756268,4.737895489,2.166428605,1.833661556,0.381958246,0
42898,2.601902962,4.781322479,2.146098101,1.001468182,0.384707034,0
8104,1.924034119,3.280051231,1.681607387,0.751232445,0.394366622,0
39886,1.941694498,3.702919245,1.919299091,0.399265796,0.390505195,0
20812,2.452193499,4.812699795,2.16836121,1.342959523,0.387384176,0
7716,2.028181553,4.058171749,1.995112308,0.250401169,0.390505195,0
34786,2.661300182,4.712028503,2.175862994,1.255910873,0.387384176,0
925,2.186768055,4.103421211,2.035686416,0.128555313,0.387384176,0
34785,2.465753794,4.759596825,2.187942893,1.255910873,0.387384176,0
34787,2.261095047,4.583899975,2.169045377,1.147637129,0.387384176,0
34788,2.465753794,4.648588181,2.182175434,1.343074441,0.387384176,0
50905,1.973673105,4.158286572,2.063816232,0.688503623,0.389965385,0
50906,1.973673105,4.158286572,2.063816232,0.688503623,0.389965385,0
2774,2.191551685,4.397480011,2.132517177,0.304589301,0.389965385,0
3741,1.999721527,4.256838799,2.118695079,1.023581982,0.389965385,0
8105,1.869008541,2.885365009,1.096793674,0.410186142,0.409101337,1
2778,1.999721527,4.248073101,2.135823372,0.621959567,0.389965385,0
16185,1.882504702,2.936426401,1.096360988,0.410186142,0.409101337,1
18586,2.180239916,3.305557489,1.234145523,0.4228324,0.409101337,0
2758,1.776658535,4.153905869,2.138202733,0.964666963,0.389965385,0
48198,1.389335394,2.237303257,0.318800994,1.680292487,0.425155848,1
5173,1.917865276,4.30796051,2.07688379,1.198904514,0.389965385,0
48150,1.82420361,2.906342506,0.995044326,1.24036479,0.412305444,0
9495,1.716616511,3.413469315,1.669521583,0.675647616,0.399447083,0
4515,1.597847819,3.390617371,1.644117447,1.199064016,0.399447083,0
49559,2.830323696,3.155391216,0.808158733,3.829018354,0.415506274,1
4513,1.643656492,3.421964169,1.599882625,1.112603068,0.399447083,0
14503,2.107600689,3.498447657,1.377514884,0.949895442,0.405888319,0
3740,1.912858009,4.10047102,2.061331142,0.866720557,0.389965385,0
17255,0.866939306,1.726034284,0.167377742,0.550278425,0.434091926,0
22420,1.69539547,3.4823699,1.664868526,0.257724792,0.401880562,0
15586,2.102180481,3.051918268,1.114581117,0.330875814,0.411470115,0
2775,1.750643492,4.072330952,2.050246721,0.614254594,0.392445683,0
22421,1.724482894,3.486664772,1.670393007,0.290359259,0.401880562,0
3864,2.012142658,3.652416706,1.528997771,0.066083163,0.405072451,0
42130,1.919719696,4.316504002,2.202869801,0.277876168,0.389378011,0
42129,1.919719696,4.320205212,2.190437262,0.277876168,0.392445683,0
21360,2.001780033,3.219611645,1.252924457,0.164833546,0.408270657,0
2776,1.706273794,3.993931293,2.1096443,0.848470569,0.392445683,0
4787,1.728362203,3.539277077,1.64244136,0.212263405,0.401880562,0
2094,2.113946438,3.238983393,0.446913085,0.0790575,0.427565396,1
2097,2.075025558,3.259000063,0.461623982,0.063751012,0.427565396,1
2095,2.066853523,3.252371311,0.438657567,0.095212318,0.427565396,0
25870,1.621985316,2.747984886,0.242980248,2.790504217,0.437365353,1
44650,1.621985316,2.482552767,0.24051653,2.214170933,0.434091926,1
3869,1.768072844,3.532125473,1.549627862,0.294154972,0.405072451,0
2096,2.075025558,3.240782499,0.454023785,0.061525073,0.427565396,1
2098,2.066853523,3.262087822,0.446112458,0.062632397,0.427565396,0
2099,2.075025558,3.24926281,0.465871944,0.042615242,0.427565396,1
6653,1.673082948,3.354635477,1.598056659,0.977170765,0.401880562,0
14499,1.986984491,3.2646451,1.331514378,1.287602425,0.408270657,0
7714,1.87686944,3.392548323,1.443517855,0.343626887,0.405072451,0
25102,1.376990318,2.814733505,0.269424754,1.352561712,0.437365353,1
25873,1.623008609,3.096342087,0.269768415,1.851725817,0.437365353,1
14500,1.888348699,3.373058081,1.434616149,0.957404613,0.405072451,0
924,1.484259605,3.810277462,2.059578836,0.982261539,0.392445683,0
11144,1.565943003,3.762841702,1.954732546,0.208228335,0.395555854,0
7965,1.640196919,2.577780724,0.274177976,1.208989382,0.434091926,1
49599,2.099509239,3.64380908,1.450413133,1.057315588,0.405072451,0
922,1.495868564,3.15242219,1.626509365,0.815665483,0.401880562,0
50427,1.658161759,3.571523428,1.675651802,0.618252516,0.401880562,0
13858,1.423793554,3.791634798,2.033940825,0.700449526,0.395555854,0
49598,2.182389021,3.706140995,1.454678862,0.271793932,0.405072451,0
33222,1.818539262,3.801584959,1.766037334,0.355453134,0.398704052,1
33224,2.456318378,3.752381802,0.320599801,3.285832405,0.440642804,1
49597,2.184096575,3.754844666,1.439730322,0.260284126,0.405072451,0
37097,1.925568581,3.350297689,0.302778484,2.538145781,0.434091926,1
37098,2.300045013,3.635514975,0.306370371,2.176433086,0.437365353,1
50429,1.577342033,3.441997051,1.657984289,1.376847625,0.401880562,0
2777,1.49886322,4.031037331,2.196687647,1.006219745,0.392445683,0
50428,1.723333597,3.574975491,1.6935908,0.313741952,0.401880562,0
41691,2.402062893,3.806797504,0.320527408,2.09632206,0.437365353,1
33293,1.818539262,3.697942019,1.781731077,0.814608693,0.398704052,1
34720,2.300045013,3.802253008,0.316021895,0.821256816,0.434091926,1
2786,1.577342033,3.513764858,1.6854286,1.063368082,0.40425545,0
34719,1.925568581,3.576292276,0.323448726,2.024492264,0.436545253,1
25877,2.576053858,4.021211624,0.34151921,1.028577924,0.439840794,1
34721,2.300045013,3.634147406,0.328303729,0.821256816,0.439840794,1
51765,1.820503116,3.832154274,1.818188989,0.397628337,0.401091814,1
39299,2.230673075,3.559441328,1.206807224,0.157570451,0.413823247,0
48151,2.533688545,3.589035988,1.05193226,1.218539834,0.417029738,0
51764,1.820503116,3.55534339,1.79642042,0.742749572,0.401091814,1
51096,2.089640856,3.298665762,0.354817181,1.081130981,0.443142682,1
2792,2.091390133,3.494754314,1.173511107,1.183210135,0.413823247,0
3682,1.90141964,3.576440811,1.554018862,0.396498919,0.407434672,0
39298,2.237914562,3.557108879,1.205538229,0.157570451,0.413823247,0
3963,2.235308647,3.743355274,0.346800589,0.589642465,0.439840794,1
25881,1.90141964,3.663168669,1.553876641,0.80092144,0.407434672,0
41690,2.37369442,3.802521467,0.363318163,1.245112181,0.439840794,1
51093,1.971039534,3.495764971,0.373098726,0.211658403,0.443142682,1
48152,2.536064148,3.466878653,0.742855324,1.506030083,0.423475593,1
3971,2.057266235,3.641372919,0.350667407,1.075083137,0.436545253,1
25883,1.479836822,3.339265347,1.63971361,0.853781343,0.40425545,0
2788,2.224348068,3.57141614,1.289830474,0.174553961,0.410624564,0
25885,1.850799441,3.61280489,1.609898914,0.990711689,0.40425545,0
42713,1.791621089,3.4774158,1.816328459,2.208950281,0.401091814,1
48401,1.971039534,3.451619387,0.387756438,1.796494007,0.443142682,1
3690,2.154756546,3.588104486,1.51548402,0.533777416,0.407434672,0
2152,2.189270496,3.533405542,0.383706121,0.289780378,0.439840794,1
28589,2.17121911,3.579539299,1.278279851,0.454097092,0.413823247,0
3708,1.661117673,3.434495449,1.787384842,1.642080307,0.401091814,1
42714,1.667516232,3.809869289,1.854322438,1.007216334,0.401091814,1
2242,2.140717745,3.582838058,0.392365838,1.260416389,0.439840794,1
2780,1.764151692,3.555353403,1.459031165,1.305333376,0.407434672,0
25887,1.770637393,3.602941751,1.57653474,1.047940493,0.407434672,0
51787,1.770637393,3.516752243,1.596761176,1.511277914,0.407434672,0
28588,2.013049603,3.412992954,1.312924216,0.772087634,0.410624564,0
11126,1.740453959,3.877583265,1.914055018,0.287043005,0.397951484,0
11024,1.614657521,2.910918713,0.406272064,1.367713571,0.443142682,1
15585,1.827587724,3.182435989,1.364846073,0.621487617,0.410624564,0
2155,1.891551375,3.113040924,0.418926253,1.959844947,0.443142682,1
2153,1.957263827,3.422723532,0.415193619,2.375374794,0.439840794,1
42859,1.706641078,3.497735739,1.70619762,1.597630858,0.40425545,1
43682,2.17121911,3.664282084,1.297460348,0.355935782,0.413823247,0
49558,2.545945883,3.62695694,0.9163896,1.995172024,0.420246005,0
1429,1.782553196,3.016300678,0.416119946,2.120065689,0.443142682,1
43683,2.067875862,3.560169458,1.322726209,1.313166738,0.410624564,0
42858,1.430037498,3.361688375,1.685321514,1.591269493,0.40425545,0
13863,1.781972885,4.060425758,2.00871299,1.042969108,0.397951484,0
1456,2.01668191,3.232739925,1.19011135,1.101118922,0.413823247,0
2154,1.678734541,3.1152215,0.439982692,1.434911489,0.443142682,1
32858,1.845725417,3.858753443,1.808698347,0.25629732,0.401091814,0
3688,2.067875862,3.300616503,1.330282988,1.181141853,0.410624564,0
30789,1.845170736,3.270700216,0.350317188,2.540794134,0.449760497,1
30754,1.861493587,3.42586565,0.356524675,2.574817657,0.446449399,1
43681,2.211298943,3.669342756,1.309415694,0.151489511,0.410624564,0
39840,1.872396708,3.702320814,0.371059976,4.170825481,0.446449399,1
2245,1.732139349,3.187533855,0.440628931,2.689858675,0.443142682,1
25890,1.678734541,3.532936335,0.441096352,2.765475512,0.443142682,1
32857,1.839729548,3.758492708,1.794019844,0.050876789,0.401091814,0
43677,2.067875862,3.503570318,1.326555967,0.537745833,0.410624564,0
25893,2.086325645,3.546515703,1.359676414,0.50897038,0.410624564,0
32815,1.845725417,3.858865976,1.833071293,0.283491015,0.401091814,0
24458,1.782553196,3.371385813,0.424108513,1.256931186,0.443142682,1
51788,2.356594563,4.052146912,0.446155422,0.531599998,0.439840794,1
48148,2.561306,4.127048969,0.457901705,1.141096473,0.433257848,0
2310,2.152835846,3.872184753,0.444154998,0.56017071,0.439840794,1
4507,2.115847588,3.458698511,1.25984902,0.3480151,0.413823247,0
32816,1.759446979,3.82428503,1.829650846,0.680764139,0.401091814,0
25896,2.186487675,3.596913576,1.370897201,0.50897038,0.410624564,0
39839,2.147705078,3.844278097,0.392689841,0.492837846,0.446449399,1
30788,1.81356895,3.447350025,0.378497769,0.368747085,0.449760497,1
10842,2.229807377,3.373758554,1.109355871,0.307691485,0.417029738,1
14965,1.670255423,3.599645853,1.861076236,0.363386661,0.401091814,1
13868,1.775796175,3.956091881,1.973520003,0.401445776,0.397951484,0
15775,1.484126329,2.971621275,0.373704269,0.944229126,0.456394821,1
3966,1.993765116,3.537622452,0.387517614,0.993149996,0.446449399,1
31422,2.089444876,3.749475002,1.511463533,0.509020746,0.407434672,0
25899,2.244078159,3.830136299,0.46433604,1.373780847,0.443142682,1
11027,1.71990335,3.142649889,0.395749133,0.464573056,0.449760497,1
11122,1.785696745,3.831648588,1.901686204,0.941721439,0.401091814,0
16521,1.815014005,3.20821023,1.447743006,0.683189869,0.410624564,0
51741,2.080964565,3.398355007,1.349440401,0.11652635,0.410624564,0
26729,2.367941141,4.097901821,0.488282749,0.802222729,0.439840794,0
2669,2.475186348,4.117676735,0.490996831,1.155510783,0.439840794,0
38302,2.507278442,4.07739687,0.494753114,0.881119132,0.443142682,0
54576,2.136317253,3.42764926,1.337458134,0.520273626,0.412959874,0
6369,2.255179882,4.064714909,0.487078148,0.743258595,0.442358166,1
31423,2.067810059,3.473109722,1.495493777,0.84193325,0.409766793,0
26728,2.475186348,4.113041878,0.497953706,0.465726614,0.442358166,0
54577,2.265366316,3.580910921,1.325770694,0.520273626,0.412959874,0
14502,1.156603932,2.90069747,1.70286976,1.379293203,0.406587869,0
17456,2.276734829,3.641907692,1.279228283,0.630362689,0.416165769,0
25905,1.747517705,3.32047677,1.440648722,0.369449705,0.412959874,0
25908,2.011185646,3.454452276,1.418765128,0.51898098,0.412959874,0
30077,2.382155418,4.150000095,0.469746413,0.479200453,0.449029982,0
30078,2.382155418,4.151955128,0.470645341,0.479200453,0.449029982,0
42715,2.136317253,3.502857924,1.337931745,0.25570634,0.412959874,0
25909,2.001905441,3.568556786,1.500044512,1.271251082,0.409766793,0
25910,2.104807854,3.506573439,1.390984584,0.247517228,0.412959874,0
25912,2.001905441,3.351403713,1.47890212,1.18958056,0.412959874,0
2790,2.235888004,3.54430604,1.255828307,1.037460446,0.416165769,0
2442,2.35583806,3.481622934,1.066977322,1.435959458,0.419384867,1
3973,2.443757057,4.333881855,0.498691805,0.237342909,0.445692569,0
49557,2.472430229,3.943771839,0.868781829,0.249298871,0.42586422,1
30072,2.443757057,4.220663548,0.490115599,0.599329174,0.449029982,0
30074,2.443757057,4.220663548,0.491492293,0.599329174,0.449029982,0
923,1.666250229,3.513009071,1.831222987,0.294798911,0.403426379,0
32605,2.346718788,3.961523294,1.571875163,0.690963447,0.409766793,0
42716,2.198228598,3.70665884,1.348365525,0.350375473,0.412959874,0
35075,2.264042616,4.13043642,0.550911328,0.76322031,0.442358166,0
42907,1.734017968,3.624350309,1.876118927,0.808806479,0.403426379,0
2951,2.088191986,3.701461792,1.636216429,1.539408207,0.409766793,0
50386,1.753172398,4.180346489,2.063879215,0.470413983,0.400285363,0
50408,1.753172398,4.180346489,2.063612351,0.470413983,0.400285363,0
25914,2.104807854,3.589878082,1.395103487,0.871269166,0.412959874,0
42905,1.617349029,3.576305389,1.856871392,0.672839344,0.403426379,0
2172,2.28467226,3.799046993,0.494441744,1.265170455,0.449029982,1
32604,2.194070339,3.756247044,1.605652398,1.481014013,0.409766793,0
5319,2.252724171,3.50778079,1.02245813,0.631280363,0.42261681,1
3960,2.475631475,4.479842186,0.561349113,0.958778322,0.445692569,0
50411,1.87455368,4.16732645,2.052455392,0.470413983,0.400285363,0
50391,1.87455368,4.16732645,2.052662895,0.470413983,0.400285363,0
35074,2.246248007,4.015212536,0.561546208,0.439428836,0.442358166,0
2150,2.266334534,4.026760578,0.533346889,0.465325922,0.445692569,0
25077,2.607737541,3.835291386,1.169065404,0.807157218,0.419384867,1
14484,1.558906555,3.648807526,2.000139072,0.892193735,0.400285363,0
29496,2.402407646,4.129405499,0.566798072,0.707579494,0.442358166,0
2148,2.362756014,4.213033199,0.555625122,0.37665984,0.445692569,0
44253,1.664938211,3.732913733,1.924948875,1.009708524,0.403426379,0
42906,1.543639541,3.553856611,1.883870408,0.762815535,0.403426379,0
34451,1.984831095,3.47766757,0.485716965,2.0139153,0.452367663,1
50409,1.704535961,4.071820259,2.083791685,0.166697592,0.400285363,0
50380,1.704535961,4.071820259,2.083881765,0.166697592,0.400285363,0
2151,2.475631475,4.248110294,0.575335715,0.219922334,0.445692569,0
3870,2.218013763,3.435721159,1.278368933,0.445394367,0.416165769,1
8103,2.362756014,4.109852314,0.5632784,0.37665984,0.445692569,0
50379,1.87455368,4.089454174,2.074667415,0.347937524,0.400285363,0
50410,1.87455368,4.089454174,2.074611715,0.347937524,0.400285363,0
32635,2.065351009,3.566732168,1.615548216,0.691410601,0.409766793,0
44251,1.664938211,3.602223873,1.917608076,1.105232,0.403426379,0
15774,1.493546963,3.142120838,0.525838185,0.702643633,0.455702156,1
41404,2.519046307,3.951309681,1.143559656,0.875318944,0.419384867,1
29497,2.234715462,4.088639736,0.58309836,0.484674335,0.442358166,1
2794,2.063423634,3.477419376,1.495430651,0.858597517,0.412959874,0
41249,2.439255238,4.356936455,0.586206593,0.247898906,0.445692569,1
8102,1.265591383,2.658696413,0.473375133,0.464927465,0.459036142,1
2433,2.667807579,3.80350399,1.03695085,2.293465614,0.42261681,1
44252,1.474182844,3.525507212,1.906921203,0.700807631,0.403426379,0
41403,2.714285851,4.010528088,1.158879341,0.23164697,0.419384867,1
2149,2.331630707,3.998991489,0.556285381,1.249959707,0.445692569,1
25076,2.588604927,3.926039219,1.205731362,2.130747318,0.419384867,1
25920,2.093906403,3.588053465,1.498825616,0.858597517,0.412959874,0
30542,1.494012475,3.471603155,1.832453783,0.494653553,0.403426379,0
49562,1.474182844,3.466429234,1.896245322,0.39961344,0.403426379,0
41958,2.667807579,4.085144997,1.074550851,0.548523247,0.42261681,1
25923,2.319049358,3.794035196,1.03653286,2.051496744,0.42261681,1
37927,1.647541285,3.754353762,1.982751696,0.659495056,0.400285363,0
49564,1.46467638,3.458539486,1.891038958,0.307739168,0.403426379,0
37928,1.651435852,3.652688742,1.95333297,0.603555918,0.403426379,0
49563,1.46467638,3.531478167,1.874478262,0.56623733,0.403426379,0
25926,2.093906403,3.742045641,1.537919389,0.95489043,0.409766793,0
32240,2.319049358,3.716693878,1.02935948,1.449010253,0.42261681,1
41250,2.477081537,4.346417427,0.616650638,1.695750117,0.445692569,0
1432,0.963999987,2.606539249,0.328746324,0.884648621,0.462374508,1
25927,1.675884485,-3.40282E+22,2.275664172,0,0.397168368,0
2312,2.132531166,4.248343945,0.575152144,0.960304856,0.449029982,1
30543,1.423505187,3.530585766,1.835340944,0.61523658,0.403426379,0
2954,1.668366909,3.376325369,1.731299085,0.490586519,0.406587869,0
3975,2.118897915,3.967033148,0.634952779,1.326748967,0.445692569,1
49556,2.341721058,4.100481033,0.813700247,0.243194759,0.429129392,1
2146,1.138929009,2.396690607,0.363987284,1.089472175,0.462374508,1
32871,2.286690235,3.834492683,1.032866924,0.307762742,0.42261681,1
34455,2.027234077,3.719183683,0.558585017,0.486418664,0.452367663,1
49473,2.791044712,4.254334927,0.633422526,3.098276615,0.439030647,0
32241,2.453015327,4.008993149,1.062629517,1.151034355,0.42261681,1
3826,2.084394455,3.43023777,1.421393696,0.383671165,0.412959874,1
32872,2.453015327,3.793407202,1.04932855,0.307762742,0.42261681,1
25931,2.644145489,4.03407383,1.083346084,0.372104108,0.42261681,1
9801,2.282888889,3.493129253,1.216536768,0.741965413,0.419384867,1
37376,1.668366909,3.404229403,1.738812742,0.864991009,0.408893406,0
48153,2.161127329,3.75999999,0.959330505,0.086140551,0.428259611,1
37377,1.749884367,3.473583221,1.738878448,0.864991009,0.408893406,0
921,2.154858112,3.403439999,1.319897596,0.305828512,0.418502361,1
2952,1.381970167,3.242977858,1.854670414,0.893773079,0.405725569,0
34768,2.511713505,3.724077702,1.131114297,0.550357461,0.421737373,1
9016,1.353115201,2.983760834,0.461061849,0.327672839,0.461705178,1
34816,2.198552132,3.905926943,0.65790065,1.773431063,0.448301941,1
2311,2.111807346,4.038520813,0.597503759,0.463059247,0.451667398,1
30059,1.427753925,3.033670902,0.515013735,0.508782387,0.461705178,1
34767,2.373440266,3.764583111,1.14645573,0.550357461,0.421737373,1
17306,1.427753925,3.171171904,0.538525368,0.273184866,0.458367974,1
37378,1.749884367,3.564379454,1.730312668,0.425772101,0.408893406,0
37379,1.749884367,3.578580379,1.729749425,0.425772101,0.408893406,0
7653,1.308305979,3.407287836,1.975678105,0.661418259,0.405725569,1
2147,1.251307845,2.610486031,0.381282314,1.031658053,0.465040505,1
5039,1.308305979,3.407287836,1.981016756,0.661418259,0.405725569,1
48154,2.213378429,4.184948921,0.754003753,0.430585384,0.434867561,1
34815,2.186666965,4.08961916,0.677875532,0.547803044,0.444931805,1
30060,1.427753925,3.0493927,0.522711019,0.508782387,0.461705178,1
8093,2.204764843,3.539714336,1.445435751,0.773315191,0.415283442,1
39239,1.353115201,2.974587679,0.490100263,0.059907373,0.461705178,1
51095,2.33297205,3.686505079,1.221527508,0.807575047,0.421737373,1
2462,2.141989231,3.99726367,0.634180544,0.365269333,0.448301941,1
9014,1.353115201,2.950061083,0.479753724,0.445521086,0.461705178,1
34727,1.505049348,3.195245981,0.55690798,0.533379078,0.458367974,1
54574,2.546451092,4.002182007,1.099204948,0.440736622,0.424988836,1
34454,2.01916647,3.883468866,0.601065802,0.521884084,0.451667398,1
6620,2.215196133,3.7159307,1.586318516,0.544996023,0.412079692,1
3723,1.238773108,3.33301115,1.905409252,1.210541487,0.405725569,0
41171,1.557681322,-3.40282E+22,2.296445101,0,0.396350145,0
3695,2.177605152,3.692480087,1.489946695,0.651762605,0.415283442,1
41969,1.251307845,2.891931057,0.405233658,1.162940264,0.465040505,1
34766,2.373440266,3.727036476,1.157093736,0.813545585,0.421737373,1
41970,1.324392438,2.979265213,0.427302088,0.629628122,0.461705178,1
2785,1.972597361,3.687674999,1.682388447,0.213323295,0.412079692,1
51094,2.468793869,3.694149971,1.243751831,0.394865543,0.421737373,1
34453,1.981626391,3.706743479,0.614698109,1.898605466,0.455023468,1
2336,1.140941739,2.904960394,0.445690637,0.768529534,0.461705178,1
26723,1.408043504,3.464608192,1.865822759,0.840595067,0.405725569,1
54575,2.390180588,3.802863598,1.121305258,0.462282777,0.424988836,1
27611,1.587371707,3.501282692,1.843400218,0.541324317,0.408893406,1
2789,2.191655636,3.7621665,1.568043435,0.190071344,0.412079692,1
39238,1.226830602,2.972282887,0.501273012,0.406228036,0.461705178,1
7501,1.108662367,2.911974907,0.476992841,0.64928627,0.461705178,1
39642,1.609098077,3.499500275,1.815779512,0.353852004,0.408893406,1
34726,1.452264786,3.214281559,0.583459988,0.773975253,0.458367974,1
2783,2.259572506,3.741884947,1.490858439,0.651762605,0.415283442,1
51100,2.455596924,3.708396912,1.241282639,0.261723757,0.421737373,1
38297,2.390180588,3.972633362,1.106694288,0.693547308,0.424988836,1
25942,1.504245758,-3.40282E+22,2.125139216,0,0.402577728,1
25944,1.677719593,-3.40282E+22,2.160769077,0,0.399452031,1
17305,1.349188209,3.186815023,0.560093442,0.903772116,0.458367974,1
34728,1.881645203,3.921089411,0.664625006,0.545134902,0.448301941,1
2168,1.108662367,2.73866868,0.476856198,0.670127809,0.461705178,1
2341,1.349188209,3.177418947,0.562588014,0.903772116,0.458367974,1
30058,1.349188209,2.990281582,0.542019317,0.81863755,0.461705178,1
34731,2.062301159,4.070688248,0.674282599,0.560611665,0.448301941,1
34725,1.452264786,3.146538496,0.57450513,0.898168325,0.458367974,1
2795,2.081422329,3.685741901,1.632203373,0.579153478,0.412079692,1
25946,2.307002068,4.023269176,1.011990717,0.977658927,0.428259611,1
48155,2.27127099,4.39607048,0.699147168,1.571115613,0.441564053,1
2340,1.515666008,3.294356823,0.63941595,1.006961107,0.458367974,1
34452,1.970809817,3.877194166,0.633879392,0.520370007,0.455023468,1
2337,1.476019263,3.300652742,0.62023877,0.807272553,0.458367974,1
2145,1.280987501,2.652452946,0.404853335,1.80233705,0.465040505,1
3679,2.148111343,3.588192701,1.533637869,0.378218949,0.415283442,1
51099,2.468793869,3.794605494,1.262052608,0.946253717,0.421737373,1
2167,1.237627506,2.838438988,0.54549067,0.790183127,0.461705178,1
1431,1.494348526,3.307654858,0.646968098,0.267588884,0.455023468,1
25947,1.128487945,2.790225983,0.422758406,2.327002525,0.465040505,1
34729,2.062301159,3.992266417,0.678796803,0.545134902,0.448301941,1
34730,2.005380392,4.025025368,0.685250367,0.684360683,0.448301941,1
2166,1.351737261,2.875478029,0.599034302,0.404585421,0.458367974,1
9210,2.405229568,3.994007111,1.053310591,0.310936958,0.424988836,1
7655,2.314697266,3.455123186,1.332224834,0.731619418,0.418502361,1
25952,2.362195492,4.010159492,1.028902903,0.282055408,0.428259611,1
28602,2.019804239,4.086186886,0.666891111,0.617734671,0.451667398,1
38296,2.3559165,3.707773209,1.144144814,0.664253771,0.424988836,1
34732,1.674405932,3.13716507,0.449123536,2.127699137,0.461705178,1
14506,2.087094784,3.665627003,1.528713317,0.711104274,0.415283442,1
49581,2.024898052,3.640943527,1.641765338,0.731341958,0.412079692,1
51106,2.630336285,4.007809639,1.264003634,0.777515352,0.421737373,1
2165,1.361035228,3.099869967,0.668212903,1.118396997,0.458367974,1
3992,1.523861527,3.132392406,0.506732592,1.61309135,0.461705178,1
21086,2.150777817,3.832213879,1.601627509,0.526954472,0.412079692,1
11121,2.328037262,3.672423601,1.179357791,0.272865355,0.421737373,1
2339,1.523861527,2.996043682,0.52762354,1.351193666,0.461705178,1
44085,1.679369688,3.543111801,1.807642271,1.188234329,0.408893406,1
51792,2.559771061,3.765966177,1.353693448,0.984125257,0.418502361,1
49580,2.024898052,3.793291807,1.626102715,0.821756005,0.412079692,1
51793,2.48296833,3.535062313,1.394071854,0.735407829,0.418502361,1
17847,1.588138223,3.298495531,0.494193194,1.122832656,0.461705178,1
16184,1.661655188,-3.40282E+22,2.268492107,0,0.399452031,1
25953,1.876418829,-3.40282E+22,2.304910417,0,0.399452031,1
3697,2.087094784,3.697546721,1.534967399,0.711104274,0.415283442,1
14966,1.357608438,3.211044312,1.797122905,1.584063888,0.408893406,1
57522,1.876418829,-3.40282E+22,2.316778629,0,0.396350145,1
34733,1.674405932,3.26650238,0.466359935,0.936581254,0.461705178,1
2169,1.457219839,3.379568815,0.665918779,1.117548347,0.455023468,0
49555,2.407979727,4.238303185,0.76310163,1.806551695,0.438206583,0
25956,1.731365323,3.258680344,0.436064917,1.003309369,0.465040505,1
3662,2.184139252,4.342618942,0.750198302,0.310011685,0.448301941,1
2170,1.729005098,3.423383713,0.668373572,1.607188106,0.455023468,1
25959,2.228037596,4.164715767,1.000986645,1.30388844,0.428259611,1
920,1.739175677,3.09898448,1.690668241,1.165190101,0.412079692,1
28529,1.573451757,3.386243582,1.736420701,1.854521751,0.408893406,1
2444,2.405229568,3.943817616,1.075647814,0.38722384,0.424988836,1
28601,1.978441477,4.026904583,0.686552317,1.364462495,0.451667398,1
2460,2.218024254,4.383316517,0.740088742,0.635428131,0.448301941,1
41982,1.551068306,-3.40282E+22,1.998176894,0,0.405725569,1
21145,1.690768242,-3.40282E+22,2.064171102,0,0.402577728,1
14146,1.334529877,3.334574223,0.634919025,0.743374825,0.458367974,1
19731,1.690768242,-3.40282E+22,2.045516616,0,0.402577728,1
44106,1.357608438,3.25379324,1.788442755,0.779348195,0.408893406,1
14173,1.334529877,3.33405304,0.647755542,0.829453945,0.458367974,1
25963,2.457045555,3.74995327,1.420720044,0.805357337,0.418502361,1
50393,1.711576223,3.316662788,0.519869984,0.424896985,0.461705178,1
50266,2.49831295,3.705381155,1.326515687,0.659134626,0.418502361,1
34734,1.659480572,3.319963932,0.470283193,0.343931079,0.461705178,1
37544,1.549034595,3.474032402,0.691818579,1.001035929,0.455023468,1
28530,1.221607447,3.453438759,1.725544883,1.632261276,0.408893406,1
25964,2.175192118,3.752221823,1.519624536,0.520077884,0.415283442,1
50382,2.065016508,3.672245502,1.580112814,0.315855414,0.415283442,1
2461,2.313805342,4.481761456,0.748517188,0.635428131,0.448301941,1
44027,2.010053635,3.754344225,1.64317677,0.307124048,0.412079692,1
11171,2.736238718,3.999409199,1.292230806,1.13729775,0.421737373,1
37829,1.602540851,3.403948069,0.685287331,1.393176913,0.458367974,1
50381,2.115004063,3.662381172,1.550900751,0.496499479,0.415283442,1
25966,2.165391922,3.743639708,1.496114386,0.701596081,0.415283442,1
2764,1.723704219,3.716092587,0.689216789,1.389649868,0.455023468,1
41733,1.331317186,-3.40282E+22,2.094919645,0,0.402577728,1
19433,2.59145546,3.841947317,1.394267892,0.576491773,0.418502361,1
1430,1.73420763,3.648118258,0.710833655,1.105053902,0.451667398,1
2171,1.642443419,3.648570299,0.71082982,0.296993136,0.451667398,1
10180,1.602540851,3.351748466,0.671788806,1.20288074,0.458367974,1
50265,2.49831295,3.851790428,1.314619508,1.205572009,0.418502361,1
17848,1.647995114,3.258303642,0.509999721,0.432083756,0.461705178,1
31379,1.706322193,-3.40282E+22,2.272313795,0,0.399452031,1
25967,2.652816534,3.966772556,1.405793001,0.424468905,0.418502361,1
37529,1.714369059,3.763767481,0.692724418,1.566200256,0.455023468,1
43190,1.557109356,2.335116386,0.17357361,1.310254335,0.471724719,1
31131,1.735418439,3.82672596,0.69418389,1.791039467,0.455023468,1
44107,1.664037824,3.509496212,1.797142647,1.916344285,0.408893406,1
25970,1.545699596,-3.40282E+22,2.069619971,0,0.402577728,1
14154,1.587600946,3.35132575,0.65689944,0.360856742,0.458367974,1
2338,1.739735246,3.447904587,0.563904842,0.55857718,0.461705178,1
14150,1.587600946,3.391750813,0.645095634,0.459232748,0.458367974,1
43840,2.175192118,3.555102587,1.527046029,0.725218236,0.415283442,1
43839,2.165391922,3.521117687,1.506589462,0.919147968,0.415283442,1
50385,1.490558863,3.625650406,1.703353415,1.696055532,0.412079692,1
54206,1.641892195,3.637245417,0.714048877,0.123174198,0.451667398,1
19404,1.680177331,3.819290638,0.706129637,1.761291027,0.451667398,1
25971,2.530854225,4.266647816,1.044624796,0.529117346,0.428259611,1
50384,1.490558863,3.470783949,1.719999778,2.408016443,0.412079692,1
3700,2.010053635,3.628899574,1.667188535,0.537359715,0.412079692,1
7699,2.010053635,3.628899574,1.667188535,0.537359715,0.412079692,1
25972,2.329436541,3.668559074,1.373881407,1.154560804,0.418502361,1
25973,1.624393225,3.717072964,0.711606401,1.32221055,0.451667398,1
3692,2.115004063,3.531854153,1.570732388,0.366297603,0.415283442,1
49819,1.476687908,-3.40282E+22,1.945164921,0,0.405725569,1
34809,1.545699596,-3.40282E+22,2.052395718,0,0.402577728,1
34810,1.561053276,-3.40282E+22,2.038560631,0,0.402577728,1
29363,1.641892195,3.94854331,0.717287864,1.170139909,0.451667398,1
9259,2.333937645,4.574601173,0.792568093,0.585089326,0.444931805,1
25975,2.43813324,3.660810947,1.436728911,1.016171694,0.418502361,1
37545,1.549034595,3.527596712,0.721123491,0.714057326,0.455023468,1
2507,2.146387339,4.124171257,0.755569771,0.95034498,0.448301941,1
19723,1.606422305,3.320481539,0.489592782,0.87533766,0.461705178,1
918,1.31756711,-3.40282E+22,2.188717433,0,0.399452031,1
2371,2.423006058,3.691200018,1.331335176,0.822508574,0.418502361,1
34808,1.609665632,-3.40282E+22,2.071052089,0,0.402577728,0
3958,1.864768267,3.672023535,0.722920335,1.379877687,0.455023468,1
9573,1.33437264,1.974014521,0.158949976,0.817689121,0.471724719,0
9579,1.33437264,2.182758808,0.177279033,1.058122754,0.471724719,1
2893,1.424853086,-3.40282E+22,2.008012226,0,0.405725569,0
5495,1.901782513,3.980511427,0.741193587,1.371485472,0.451667398,1
4583,2.24414134,4.433654785,0.78290836,0.223932251,0.448301941,1
2647,1.489562869,3.109999895,0.541426642,0.316598147,0.461705178,1
25976,1.921742439,3.935855627,0.730761081,1.170139909,0.451667398,1
25977,1.350050211,-3.40282E+22,2.240131623,0,0.399452031,1
43900,2.04103899,4.029941082,0.725303981,0.517069519,0.451667398,1
37543,1.301184177,-3.40282E+22,2.143298058,0,0.402577728,0
54207,1.865590096,3.933295965,0.73862029,1.057873249,0.451667398,1
9806,2.31527853,3.937844038,1.153102328,0.150230363,0.424988836,1
31130,1.946764708,3.920000076,0.725629793,0.621066689,0.455023468,1
43902,0.999507427,-3.40282E+22,2.180790947,0,0.402577728,1
30129,1.365298271,-3.40282E+22,2.102663622,0,0.402577728,0
31203,1.301184177,-3.40282E+22,2.134636457,0,0.402577728,0
29364,1.865590096,3.913413286,0.737885953,1.057873249,0.45432964,1
3862,2.602252007,3.755344868,1.394571945,0.954273224,0.420834243,1
37530,1.946764708,3.920365334,0.731469692,1.007642388,0.457683772,1
34592,1.635144949,3.473547935,0.701106714,0.252855599,0.461017877,1
32014,1.693407536,3.437835455,0.657002456,0.493959457,0.461017877,1
33642,1.53145349,3.160362959,0.60823078,0.824897051,0.464340806,1
50457,1.827905297,3.262327433,0.498648763,0.712214828,0.464340806,1
25981,1.546288252,-3.40282E+22,2.037649645,0,0.408002764,0
9365,1.606422305,3.275294304,0.499258082,0.712214828,0.464340806,1
9258,2.269212484,4.507714272,0.819034712,0.656518102,0.447555959,1
49605,1.606422305,3.076562881,0.521857892,0.388482451,0.464340806,1
3716,1.609665632,-3.40282E+22,2.082944793,0,0.404844314,0
9190,1.350050211,-3.40282E+22,2.22545287,0,0.401707262,1
1434,1.697500825,2.456997871,0.254334194,0.841024876,0.474317104,1
18636,1.827905297,3.268053532,0.494166101,0.712214828,0.467660874,1
2563,1.653858781,2.970382929,0.402062949,0.624098659,0.467660874,1
3959,1.865590096,3.931142569,0.753237512,0.034025028,0.45432964,1
36978,2.146387339,4.307538509,0.791733622,0.574235857,0.450952888,1
31733,1.70486927,-3.40282E+22,2.346870381,0,0.398593366,1
17458,1.521960497,-3.40282E+22,1.908486123,0,0.408002764,1
8101,1.697500825,2.523490667,0.249713722,0.754100561,0.474317104,1
38989,2.270796537,4.55934,0.823240827,0.399643779,0.447555959,1
9366,1.606422305,3.190213442,0.515899589,0.727776229,0.464340806,1
50460,1.606422305,3.190213442,0.515376263,0.727776229,0.464340806,1
36977,2.24414134,4.417778492,0.80606116,0.598748147,0.450952888,1
5210,2.326287508,3.762973785,1.259591069,0.585323691,0.42408824,1
2446,2.39244318,4.370170593,1.007390261,1.019581318,0.430666536,1
3988,1.423039556,2.819787741,0.368597753,0.575648367,0.470985055,1
38499,1.979448795,3.538946629,0.664731074,0.969987869,0.461017877,1
43899,1.278930426,-3.40282E+22,1.983826453,0,0.408002764,0
6618,2.613715649,3.914751053,1.431481908,0.591889679,0.420834243,1
25983,2.049760818,4.280761242,0.789024301,0.267571747,0.450952888,1
30771,1.979448795,3.616515398,0.645642584,1.749878287,0.461017877,1
33641,1.546446323,3.183753252,0.614298735,0.278449029,0.464340806,1
7703,2.467181683,3.831213951,1.398941157,0.964799762,0.420834243,1
33656,1.680556774,3.22638607,0.627784554,1.435616851,0.464340806,1
9305,1.380800247,-3.40282E+22,2.221969683,0,0.401707262,1
32013,1.979448795,3.538946629,0.666428697,0.969987869,0.461017877,1
7651,1.379828691,-3.40282E+22,2.010967507,0,0.408002764,0
5321,1.744804978,2.274850845,0.204680225,1.603527188,0.474317104,1
36976,2.100870609,4.36226368,0.822721362,0.625899136,0.450952888,1
3881,1.379828691,-3.40282E+22,2.025876423,0,0.408002764,0
30132,1.60688591,-3.40282E+22,2.125891611,0,0.404844314,0
3722,2.096394539,4.209276676,0.776656317,0.623090446,0.45432964,1
2791,2.0827384,3.732895613,1.629124188,1.086243391,0.414380908,1
50459,1.598543644,3.228235483,0.507105864,1.052731514,0.467660874,1
2667,2.010936975,4.202336788,0.776814961,1.124372721,0.45432964,1
25985,1.380800247,-3.40282E+22,2.200979691,0,0.401707262,1
14952,2.613715649,3.884445906,1.444493268,0.313091099,0.420834243,1
11002,2.12548852,4.321837902,0.761171053,0.531505167,0.45432964,1
54532,1.630506992,-3.40282E+22,2.055441274,0,0.404844314,0
54531,1.379828691,-3.40282E+22,2.032707114,0,0.408002764,0
2651,1.521027565,3.143722057,0.473793582,1.735908985,0.467660874,1
43788,1.442014694,-3.40282E+22,2.164946151,0,0.404844314,1
30781,1.649399519,3.461988211,0.732594313,0.276906818,0.461017877,1
30665,1.695215464,-3.40282E+22,2.265642216,0,0.401707262,1
49604,1.528624773,3.108834505,0.542136416,0.248326316,0.464340806,1
50458,1.537636638,3.134647846,0.518370505,0.727776229,0.464340806,1
9364,1.537636638,3.134647846,0.518949042,0.727776229,0.464340806,1
22301,1.526335001,3.163530111,0.595571771,0.862792015,0.464340806,1
30663,1.695215464,-3.40282E+22,2.289309532,0,0.401707262,1
11117,2.415362358,4.089478016,1.121824357,0.763254642,0.430666536,1
3710,1.695215464,-3.40282E+22,2.265504986,0,0.401707262,1
25987,2.06018877,4.235892296,0.808251683,0.267571747,0.450952888,1
3728,1.598543644,3.170289993,0.500035474,1.424699783,0.467660874,1
9773,2.010936975,4.144019604,0.783311643,1.124372721,0.45432964,1
34740,1.933406115,3.932157993,0.771076137,1.081893921,0.45432964,1
3897,1.674814343,2.795220137,0.299637253,1.729358315,0.470985055,1
33639,1.680556774,3.585135698,0.646512606,1.657544971,0.461017877,1
3931,1.64093256,2.65178299,0.251810406,0.548776686,0.474317104,1
33640,1.680556774,3.25903511,0.631759626,0.90335393,0.464340806,1
2649,1.526335001,3.131356239,0.582079161,0.505374312,0.464340806,1
2643,1.528624773,3.183606148,0.564273263,0.588847041,0.464340806,1
22306,2.219158649,3.739992619,1.201185315,0.219885036,0.427364826,1
11540,1.488567948,2.652893782,0.322039374,1.609953761,0.470985055,1
33657,1.546446323,3.225659847,0.622850296,0.90335393,0.464340806,1
39000,1.546446323,3.226982832,0.612658911,0.756279409,0.464340806,1
28568,1.656033278,-3.40282E+22,2.255973882,0,0.401707262,1
2797,2.497812748,3.865723133,1.471154204,1.144941688,0.420834243,1
34753,2.139442205,4.539215565,0.955017618,0.925745726,0.433996201,1
3986,1.546446323,3.233975172,0.615871871,0.756279409,0.464340806,1
36979,2.06018877,4.190551281,0.823540986,0.487797081,0.450952888,1
3705,1.823741317,-3.40282E+22,1.838576748,0,0.411182046,1
33638,1.680556774,3.319338083,0.642554356,1.657544971,0.464340806,1
22307,2.26710701,3.787801504,1.213849292,0.345714658,0.427364826,1
2295,1.423039556,2.621716499,0.377640713,1.39305985,0.470985055,1
36981,2.049760818,4.140166759,0.810807096,0.344156474,0.450952888,1
3720,1.278930426,-3.40282E+22,1.988384039,0,0.408002764,0
30664,1.695215464,-3.40282E+22,2.295664437,0,0.401707262,1
22302,1.526335001,3.103666544,0.596211495,0.862792015,0.464340806,1
54533,1.630506992,-3.40282E+22,2.064520257,0,0.404844314,0
33245,2.209558964,3.615637541,1.55913445,0.860955,0.417598933,1
25995,1.971259832,4.408911228,0.921342948,1.197003961,0.437356293,1
36980,2.06018877,4.232370853,0.819311921,0.36706844,0.450952888,1
34754,2.011380672,4.573004723,0.952357185,1.641219854,0.433996201,1
34591,1.676439881,3.396981716,0.7351641,1.107797265,0.461017877,1
34752,2.096525192,4.715703487,0.966162162,0.925745726,0.433996201,1
32012,1.513784647,3.710131645,0.684459447,2.227541208,0.461017877,1
38313,2.814838171,4.265206814,1.037826947,2.473082304,0.433996201,1
21265,1.889896631,3.8932724,0.7839687,1.524178505,0.457683772,1
48285,2.462460995,3.889467716,1.264341655,0.530782163,0.42408824,1
50591,2.261571884,3.837658405,1.261327398,0.530782163,0.42408824,1
30125,1.523921728,-3.40282E+22,1.987751231,0,0.408002764,0
34746,2.02817297,4.05393219,0.795389287,1.179592371,0.45432964,1
34739,1.958058596,3.967956066,0.790200158,0.520422757,0.45432964,1
11338,2.362562656,4.168483734,1.118314645,0.868430316,0.430666536,1
22422,1.679494262,3.030143261,0.40502778,1.024017453,0.467660874,1
30780,1.552686691,3.290508747,0.750179673,1.246160507,0.461017877,1
28567,1.906599998,-3.40282E+22,2.257402875,0,0.401707262,1
43872,2.238365412,4.427698612,0.808284729,0.528391778,0.45432964,1
3703,1.773891568,-3.40282E+22,1.926383719,0,0.408002764,1
10117,1.544487715,2.797086716,0.496074164,1.599878669,0.467660874,1
31176,1.434724331,-3.40282E+22,2.152201125,0,0.404844314,1
2793,2.217075348,3.6801126,1.549690425,0.347770721,0.417598933,1
23930,1.875413418,2.753847361,0.236613085,0.286303222,0.474317104,1
25998,1.950719833,4.110096931,1.006251065,0.730146587,0.433996201,1
31739,2.072896004,-3.40282E+22,1.818795077,0,0.411182046,1
3665,1.679494262,2.927628756,0.422911542,0.917087674,0.467660874,1
34745,2.02817297,4.099474907,0.805350212,1.531781316,0.45432964,1
34751,2.096525192,4.616055012,0.974745653,1.090141654,0.433996201,1
5320,1.88405323,4.289473534,0.880594605,0.430777907,0.440743476,1
34774,1.906599998,-3.40282E+22,2.245821979,0,0.401707262,1
3898,2.145477533,2.711385965,0.287441309,2.574754238,0.474317104,1
2350,1.544487715,3.107098341,0.498703004,1.599878669,0.467660874,1
37115,2.330011845,3.849327087,1.582363092,0.795599401,0.417598933,1
2346,1.544487715,2.923788548,0.491487339,1.103323936,0.467660874,1
3876,2.696529388,3.919023752,1.438875583,1.330388427,0.420834243,1
10115,1.367230535,2.963895798,0.589987366,1.458529234,0.464340806,1
36982,1.941163301,4.089994431,0.836417625,0.203799576,0.450952888,1
34773,1.431882381,-3.40282E+22,2.229228819,0,0.401707262,1
34738,1.958058596,4.102481365,0.808914709,0.145062968,0.45432964,1
25999,2.118309259,4.416877747,0.93881715,1.049668908,0.437356293,1
48284,2.462460995,3.915338993,1.285438331,0.823967636,0.42408824,1
43734,1.827112675,-3.40282E+22,2.295551075,0,0.401707262,1
14509,2.555164814,3.807821035,1.428278133,0.70717144,0.420834243,1
44257,2.031846762,-3.40282E+22,1.888219033,0,0.411182046,1
49816,2.61544013,4.183504581,1.497871891,1.488472581,0.420834243,1
3755,1.821589112,3.140206575,0.384309941,0.023872348,0.470985055,1
3957,1.646897554,3.613817215,0.809957842,0.564659774,0.457683772,1
50590,2.261571884,3.829088926,1.278227244,0.823967636,0.42408824,1
27650,2.302065849,5.169325352,0.879125099,2.409512997,0.444148183,0
34744,2.02817297,4.193731785,0.821665281,1.503365397,0.45432964,1
3757,1.653842211,3.786063194,0.546504896,3.881007195,0.464340806,1
14296,1.513784647,3.043949366,0.685703427,0.39753893,0.461017877,1
37108,1.476660728,-3.40282E+22,2.338500913,0,0.401707262,1
54896,1.719637632,-3.40282E+22,2.348557464,0,0.401707262,1
5342,2.238843441,3.558175325,0.634948402,3.111145973,0.464340806,1
34737,1.627663851,4.238061905,0.818281213,1.692752719,0.45432964,1
10101,1.473713994,3.023759365,0.705800337,0.686528921,0.461017877,1
37815,2.399153709,3.948161364,1.593803178,1.299043059,0.417598933,1
7646,1.750575066,-3.40282E+22,2.308057126,0,0.401707262,1
34743,1.832358122,4.19931221,0.826178853,1.386715651,0.45432964,1
26005,1.950903416,4.201706886,1.01187168,0.691617787,0.433996201,1
31175,1.458447456,-3.40282E+22,2.183227168,0,0.404844314,1
22423,1.737843275,3.024885654,0.422545762,0.62771821,0.470985055,1
2782,3.227200985,4.126563549,1.457007572,3.312168598,0.420834243,1
37814,2.41369009,3.653347015,1.57267891,1.067230701,0.417598933,1
34775,1.455872059,-3.40282E+22,2.25251616,0,0.401707262,1
34772,0.868606567,-3.40282E+22,2.218032302,0,0.404844314,1
3709,1.618359566,-3.40282E+22,2.329172631,0,0.401707262,1
11584,1.720990658,3.136719942,0.686024721,1.869147658,0.461017877,1
3878,3.211690903,4.263597965,1.490855374,2.347817898,0.420834243,1
3953,1.746528625,3.980774879,0.830065261,1.386715651,0.45432964,1
9706,1.746528625,3.980774879,0.830065261,1.386715651,0.45432964,1
54897,1.719637632,-3.40282E+22,2.368329574,0,0.401707262,1
4584,1.746528625,3.980774879,0.831375792,1.386715651,0.45432964,1
37813,2.589723825,3.870129108,1.536361758,1.820818901,0.417598933,1
36983,1.803194523,4.092351913,0.856797182,0.490181327,0.450952888,1
10097,1.560489058,3.253353357,0.777755094,1.340499759,0.461017877,1
3731,1.999867439,2.643934965,0.320784546,1.923683524,0.470985055,1
10768,2.488208771,4.141685963,1.128978247,0.703572154,0.430666536,1
26006,1.788533211,4.291913033,0.957246133,1.091398716,0.437356293,1
41155,2.33036375,4.705245495,0.902252421,0.556695104,0.447555959,1
3949,1.907722712,4.307248116,0.845005974,1.491775513,0.45432964,1
10098,1.682816148,3.022846937,0.486175438,0.554621816,0.467660874,1
25334,0.868606567,-3.40282E+22,2.224925463,0,0.401707262,1
54891,1.719637632,-3.40282E+22,2.359258467,0,0.401707262,1
7700,2.693070889,4.155382156,1.449962972,3.312168598,0.420834243,1
18832,2.563952208,4.311894894,0.901684424,3.262473106,0.447555959,0
27657,2.522349834,4.037775993,1.284955909,1.072127461,0.42408824,1
44258,2.137872219,-3.40282E+22,1.912889524,0,0.411182046,1
44256,2.137872219,-3.40282E+22,1.891575129,0,0.411182046,1
2448,2.159015179,4.531919479,0.991038374,1.281721711,0.437356293,1
2779,2.050698757,-3.40282E+22,1.838922091,0,0.411182046,1
3939,2.596148729,5.03949976,0.905541623,1.08900702,0.444148183,0
3707,2.08668232,-3.40282E+22,1.861314778,0,0.411182046,1
4342,2.690772772,4.065714836,1.333281137,1.571015358,0.42408824,1
2443,1.913293839,4.327842236,1.019229054,0.997036695,0.433996201,1
42539,1.458447456,-3.40282E+22,2.169093673,0,0.404844314,0
2138,1.499869585,3.430796623,0.839303812,0.433039635,0.457683772,1
10137,1.737843275,2.878129959,0.430049658,0.761240184,0.470985055,1
3681,1.737843275,2.878129959,0.430240265,0.761240184,0.470985055,1
3713,1.754800081,-3.40282E+22,2.291791457,0,0.401707262,1
39248,2.41369009,4.105557919,1.571103687,2.513554096,0.417598933,1
37541,1.913293839,4.258708,1.019313657,0.997036695,0.433996201,1
9244,1.864809632,3.693636417,0.622655895,1.634503603,0.464340806,1
3686,2.774820328,4.650682926,1.641742514,1.422753811,0.417598933,1
2784,3.211690903,4.545899391,1.506068412,2.294835567,0.420834243,1
23931,1.898941994,2.829067707,0.272145097,0.098314799,0.474317104,1
26012,2.378038406,4.846191406,1.060924384,2.531258345,0.433996201,1
32900,2.243108273,3.700071096,0.383108645,1.839028835,0.470985055,1
42541,1.458447456,-3.40282E+22,2.19761129,0,0.404844314,1
2796,3.227200985,4.928524971,1.460936481,4.018857479,0.420834243,1
2662,2.403166771,4.910482883,0.92217094,1.305513263,0.440743476,1
2141,1.627663851,3.54821229,0.846520394,1.282221079,0.45432964,1
43459,2.690772772,4.30668211,1.351756065,3.047878981,0.42408824,1
3910,2.487533808,4.124251842,0.555606974,3.285845995,0.467660874,1
3715,1.496986866,-3.40282E+22,2.141737863,0,0.404844314,0
5288,2.808561325,5.238315582,0.915039742,1.2901963,0.444148183,0
25336,2.816947222,5.480226994,0.915399318,1.900535822,0.444148183,0
26013,2.08668232,-3.40282E+22,1.877036152,0,0.411182046,1
49259,2.636892557,4.688842297,1.328230628,2.925285578,0.42408824,1
29286,1.913293839,4.351220608,1.020293709,0.328217745,0.433996201,1
38967,1.550813675,3.777200937,0.848583121,2.263284445,0.457683772,1
2348,2.261577606,3.307094336,0.364401849,1.534865737,0.470985055,1
5407,1.886878014,-3.40282E+22,1.829654488,0,0.411182046,1
42540,1.516220808,-3.40282E+22,2.168370544,0,0.404844314,0
3673,2.152090073,-3.40282E+22,1.852320318,0,0.411182046,1
4336,2.482419014,3.545844555,0.37802343,1.091085076,0.470985055,1
2349,1.709082961,2.956496477,0.471830387,0.24023281,0.467660874,1
26016,1.715281487,-3.40282E+22,2.326003308,0,0.401707262,1
32891,1.958909869,3.085414886,0.336313842,1.529855371,0.470985055,1
2895,1.708745241,-3.40282E+22,1.973307313,0,0.408002764,1
5087,1.938909769,-3.40282E+22,2.069214836,0,0.408002764,0
2894,1.708745241,-3.40282E+22,1.956529119,0,0.408002764,1
2512,1.943595409,4.491320133,0.933584047,1.511082411,0.447555959,1
32899,2.192927599,3.73443985,0.398431329,1.771769285,0.470985055,1
7869,2.021469593,4.247658253,1.021159749,1.534055471,0.433996201,1
3689,3.303410292,4.58954668,1.367283229,3.047878981,0.42408824,1
23674,1.680387616,2.273599386,0.176806611,2.816538572,0.477655888,1
25158,3.088077545,4.516827106,1.599179111,2.018603325,0.417598933,1
10923,1.958909869,2.824616671,0.326051189,1.383565545,0.474317104,1
18829,2.441998005,4.750096798,0.928058162,2.194628239,0.447555959,0
26017,1.715281487,-3.40282E+22,2.300910245,0,0.401707262,1
2459,2.441998005,5.506067753,0.927320385,1.914829731,0.444148183,0
24784,2.261577606,3.327773094,0.365534645,1.288903475,0.470985055,1
29283,2.021469593,4.189759731,1.020142336,1.14884305,0.437356293,1
25075,1.966068745,4.319502831,0.954327977,0.366392881,0.440743476,1
3706,2.393422127,-3.40282E+22,1.904991108,0,0.411182046,1
49260,3.084026814,4.881763935,1.333515901,2.363336563,0.42408824,1
19737,2.021469593,4.459943295,1.02884422,1.534055471,0.433996201,1
2555,2.562206745,5.162210941,0.931947134,3.156728029,0.444148183,0
23672,1.681898713,2.328177452,0.201920279,0.845564604,0.477655888,1
33234,1.581851959,-3.40282E+22,2.008922705,0,0.408002764,1
26022,2.417964458,5.426054955,1.06467971,4.276262283,0.433996201,0
33235,1.758256912,-3.40282E+22,2.041108353,0,0.408002764,0
34571,1.737231851,3.17154336,0.521225455,0.53794533,0.467660874,1
39861,1.722183943,2.992712975,0.478083676,0.417992294,0.467660874,1
48845,1.765905619,-3.40282E+22,2.132015403,0,0.404844314,0
5135,1.842816234,2.702024937,0.315723277,1.111914635,0.474317104,1
3663,2.223738194,4.722284794,0.943805002,1.37840271,0.444148183,0
3994,2.568869114,4.460184574,1.247983487,1.216264606,0.427364826,1
2720,1.667676449,3.99455905,0.884232893,0.183129475,0.45432964,1
3929,2.180351257,4.0625,0.847560718,1.038252711,0.457683772,1
40641,1.619092941,3.849269867,0.893812717,0.622614384,0.450952888,1
9805,1.717852592,3.514917612,0.816544408,1.624515295,0.461017877,1
2465,2.046529293,4.365432262,0.875325934,2.339264154,0.45432964,1
7603,2.562206745,5.015650272,0.940870152,3.156728029,0.444148183,0
26023,1.749690533,-3.40282E+22,2.386996108,0,0.401707262,0
30080,1.619092941,3.849269867,0.894852364,0.622614384,0.450952888,1
26025,2.257004738,-3.40282E+22,1.899369106,0,0.411182046,1
40642,1.619092941,3.849269867,0.895324553,0.622614384,0.45432964,1
2708,1.613921642,3.852736473,0.907703826,0.60091114,0.450952888,1
3664,1.619092941,3.914740562,0.893029847,0.945626259,0.45432964,1
49262,3.602485657,5.317662239,1.363914439,3.820020199,0.42408824,1
3903,1.665015697,3.347610712,0.707433062,0.705434084,0.464340806,1
5022,2.192927599,3.519911051,0.414989936,1.25426662,0.470985055,1
49261,3.602485657,5.245473862,1.351509059,2.363336563,0.42408824,1
10099,1.604793191,3.459031582,0.775996933,0.317697316,0.461017877,1
32892,1.958909869,3.031801224,0.351670586,1.923152804,0.470985055,1
26027,1.626079559,-3.40282E+22,2.350230639,0,0.401707262,0
29570,1.359185457,-3.40282E+22,2.270769005,0,0.401707262,1
49667,2.393422127,-3.40282E+22,1.921817018,0,0.411182046,1
2293,1.643556356,3.953545332,0.880476551,0.480080813,0.457683772,1
2347,1.665015697,3.387706518,0.710052412,0.705434084,0.464340806,1
5573,2.27123642,4.544576645,0.954294625,1.216706634,0.444148183,0
8094,2.337922812,4.312122345,1.135158895,0.695305109,0.430666536,1
42156,1.516220808,-3.40282E+22,2.160167946,0,0.404844314,0
29569,1.359185457,-3.40282E+22,2.251147642,0,0.401707262,1
26029,1.886878014,-3.40282E+22,1.845396293,0,0.411182046,1
26030,2.413892746,-3.40282E+22,1.918960252,0,0.411182046,1
3914,2.371197462,3.585003853,0.404323383,0.664590955,0.470985055,1
2781,3.054650068,4.753778934,1.537743855,1.093540549,0.420834243,1
14493,3.04348588,4.956884384,1.501681713,2.806963921,0.420834243,1
38596,1.788141489,3.91176796,0.907472793,0.622614384,0.450952888,1
26031,2.902979374,4.580981255,1.697398158,0.514669418,0.416672379,0
29289,2.437232018,4.724159718,1.06620199,1.350137115,0.436467797,1
2342,2.21239233,3.304457903,0.426329359,1.25426662,0.473471165,1
40561,1.788141489,3.915359497,0.909509163,0.622614384,0.456954181,1
40559,1.788141489,3.91176796,0.911009752,0.622614384,0.453595847,1
40560,1.788141489,3.911566257,0.911934043,0.622614384,0.453595847,1
1460,2.193382025,4.253083229,0.971493239,0.870961964,0.450196385,0
25084,1.859068394,4.067689419,0.904489165,0.983110547,0.456954181,1
37542,3.043730497,4.780070782,1.077521616,3.45784831,0.436467797,0
25071,2.117438793,4.358473301,0.895099702,0.131598741,0.456954181,1
40643,1.788141489,3.911566257,0.912461324,0.622614384,0.453595847,1
49668,2.413892746,-3.40282E+22,1.940686883,0,0.413458973,1
5217,1.693221927,3.402459145,0.754892566,0.24224323,0.46357581,1
32893,1.751013875,2.663284779,0.348516519,1.059988618,0.476793826,1
3701,1.752235889,-3.40282E+22,1.981521191,0,0.410266429,1
38597,1.788141489,3.9314363,0.915906281,1.302440882,0.453595847,1
7433,1.84626627,3.017025948,0.512370161,0.9091838,0.470163554,1
40645,1.788141489,3.936768293,0.915038406,1.302440882,0.456954181,1
19738,2.437232018,4.734004498,1.068180867,1.247494936,0.436467797,1
13757,1.579421997,-3.40282E+22,2.417552826,0,0.400819421,0
17136,2.528379679,4.060523987,1.62826344,1.025624156,0.419907093,0
42059,2.193382025,4.696955681,0.974368541,1.881618619,0.450196385,1
26032,0.972806215,-3.40282E+22,2.222966077,0,0.407095134,0
29571,1.313903809,-3.40282E+22,2.281855903,0,0.403945982,1
3995,2.739860296,4.428915977,1.279402941,0.484370828,0.42974928,1
23932,2.163260937,3.010538578,0.290382998,0.672332585,0.476793826,1
40562,1.788141489,4.001316547,0.920715274,1.302440882,0.453595847,1
10771,2.702497005,4.40081501,1.149358341,3.334618807,0.433090329,1
3922,1.796282291,4.351011276,1.010005369,0.698925138,0.439880639,1
30783,1.82020998,2.681519747,0.344280491,0.532063961,0.476793826,1
40644,1.788141489,3.923875332,0.922821842,1.302440882,0.453595847,1
30079,1.788141489,3.923875332,0.922960219,1.302440882,0.456954181,1
4402,2.577218533,4.333368301,1.725279124,1.44446671,0.416672379,1
17461,2.577218533,4.363806725,1.716427795,1.44446671,0.416672379,1
24785,2.208545446,3.195173502,0.380729536,1.81653285,0.473471165,1
26034,2.413892746,-3.40282E+22,1.925329549,0,0.413458973,1
48814,1.803912163,-3.40282E+22,2.047166441,0,0.410266429,0
2324,1.805798292,4.080505371,0.929814211,1.408091664,0.453595847,1
40565,1.788141489,4.042958736,0.925080936,1.302440882,0.456954181,1
26035,1.93626678,-3.40282E+22,1.856515053,0,0.413458973,1
2247,2.078250408,4.497072697,0.957943615,1.621316791,0.453595847,1
49669,2.413892746,-3.40282E+22,1.945916086,0,0.413458973,1
26036,3.23610568,4.368732452,1.442569189,2.412110567,0.426441491,1
2556,2.249876738,4.979224682,0.98499373,2.16762042,0.450196385,0
34771,3.545049191,4.958528996,1.60652298,2.180283546,0.419907093,0
19321,1.313903809,-3.40282E+22,2.266066004,0,0.403945982,0
42157,1.623312235,-3.40282E+22,2.185395201,0,0.407095134,0
40564,1.788141489,4.058524609,0.931463439,1.302440882,0.453595847,1
48809,2.044875622,-3.40282E+22,2.09607627,0,0.410266429,0
27603,1.877367377,3.712656498,0.87145753,1.892352343,0.460276753,1
10110,1.688974619,3.036326885,0.626777232,0.561544776,0.466867507,1
41325,2.121970892,-3.40282E+22,1.882770132,0,0.413458973,1
27612,1.862679958,-3.40282E+22,2.152424074,0,0.407095134,0
2953,3.580414295,5.031706333,1.573297666,1.170542479,0.423162848,0
32338,1.934129953,4.486989498,0.980688957,1.079930067,0.446764231,0
32894,1.751013875,2.812615871,0.373316752,1.776752949,0.473471165,1
42155,1.623312235,-3.40282E+22,2.176871739,0,0.407095134,0
9440,2.902979374,4.408537865,1.71574578,2.031656742,0.416672379,1
1457,1.726549149,4.339031696,1.040565417,0.359410822,0.439880639,1
2385,1.613759518,3.451977015,0.844912326,0.940815866,0.46357581,1
17135,2.528379679,4.137993813,1.653063906,0.314738244,0.419907093,0
26038,2.748884201,4.279585361,1.478489945,1.855004311,0.423162848,0
27527,1.823124886,3.33634305,0.583114526,0.912240505,0.470163554,1
25070,2.117438793,4.084797382,0.921559318,1.227153778,0.456954181,1
22390,1.84626627,3.351155996,0.536534806,0.428113401,0.470163554,1
4500,2.076362133,3.36802721,0.590279018,0.55851239,0.470163554,1
4492,2.208545446,3.312721729,0.395756382,1.004231453,0.473471165,1
2664,2.102416039,4.072006702,0.903547274,0.396883726,0.460276753,1
2466,2.102416039,4.072006702,0.903481316,0.396883726,0.460276753,1
42060,2.193382025,5.008094788,0.995430131,2.16762042,0.450196385,1
26039,1.858528137,4.370355129,0.985548078,0.268773735,0.446764231,0
4786,2.371197462,3.439146042,0.423154146,0.688459575,0.473471165,1
24054,1.673640251,2.487609625,0.224326034,0.766574264,0.480128676,1
3672,2.127206326,3.42167449,0.456850128,0.752560258,0.473471165,1
3694,2.04846096,-3.40282E+22,1.906078634,0,0.413458973,1
32803,1.981320262,3.338306904,0.513274179,0.35199222,0.470163554,1
32804,1.99407351,3.32997489,0.526112429,0.48363471,0.470163554,1
17810,1.904660463,4.035207272,0.95452673,1.616086602,0.453595847,1
14962,1.458095312,-3.40282E+22,2.332856539,0,0.403945982,0
50130,1.946117282,3.61602354,0.674523317,0.69160533,0.466867507,1
10832,1.731997252,-3.40282E+22,2.420145694,0,0.400819421,0
2202,1.910717487,4.437333584,0.998688234,0.514573872,0.443318546,1
24450,2.835151196,4.222152233,1.55085503,0.689874709,0.423162848,0
3926,1.89893353,3.117588758,0.568027173,0.386825144,0.470163554,1
49671,2.179169655,-3.40282E+22,1.956248985,0,0.413458973,0
2201,2.001446724,4.502726078,1.003238193,0.63988483,0.443318546,1
43808,2.001446724,4.507362366,1.004198824,0.445722848,0.443318546,1
26040,2.748176098,4.775438786,1.2122413,0.649703681,0.433090329,1
2456,1.894468069,4.426195621,0.997653689,0.316833466,0.446764231,1
15817,2.907608271,4.315498829,1.446617456,2.319751263,0.426441491,1
3872,2.650677919,4.231295109,1.682266456,1.038349509,0.419907093,1
3874,2.650677919,4.231295109,1.682266456,1.038349509,0.419907093,1
24055,1.88351655,2.528602839,0.216285775,0.823594868,0.480128676,1
22392,1.89893353,3.339079618,0.551163033,0.428113401,0.470163554,1
2325,1.924549699,3.972146511,0.930039033,0.359798074,0.460276753,1
2447,2.290526628,4.657319546,1.120466803,3.377146244,0.436467797,0
3912,1.687038541,3.406643152,0.818689784,1.23120594,0.46357581,1
2195,2.057085276,4.362038136,0.952046974,1.016904593,0.453595847,1
11555,1.894468069,4.367316723,1.004350564,0.099093109,0.446764231,1
26041,2.690863848,4.797773838,1.200808463,0.532852829,0.433090329,1
2331,1.861413002,3.785255194,0.932468229,0.536666036,0.456954181,1
3937,2.133492947,4.61365366,1.015442684,0.842623472,0.443318546,0
48815,1.76643014,-3.40282E+22,2.041755256,0,0.410266429,0
26042,1.209714174,-3.40282E+22,2.238482253,0,0.407095134,0
10827,1.612795115,-3.40282E+22,2.392019497,0,0.403945982,0
32267,2.907608271,4.030281544,1.458038616,1.541206121,0.426441491,0
32337,2.115061998,4.500468731,1.002575979,0.526602745,0.446764231,0
40398,1.852045059,3.887223721,0.936290588,0.316334605,0.456954181,1
34770,3.059655666,4.750691414,1.626426696,1.668105125,0.419907093,0
2468,1.865979195,4.03118372,0.9435093,0.587550521,0.456954181,1
11689,1.631033897,-3.40282E+22,2.15001219,0,0.407095134,0
48810,1.825614929,-3.40282E+22,2.114569846,0,0.410266429,0
49670,2.179169655,-3.40282E+22,1.9612495,0,0.413458973,0
2455,1.894468069,4.390347958,1.010581885,0.316833466,0.446764231,1
32802,1.981320262,3.27266264,0.525955829,0.49287492,0.470163554,1
27526,1.885977268,3.416054726,0.602235609,0.676167548,0.470163554,1
43879,2.452815294,4.138110161,1.738795908,0.345074505,0.416672379,1
2742,1.680592775,3.809231997,0.950608826,0.402629852,0.456954181,1
32801,1.99407351,3.307552338,0.541302536,0.239289016,0.470163554,1
3675,1.981320262,3.234014273,0.514365677,0.340935558,0.470163554,1
43798,2.04846096,-3.40282E+22,1.932952326,0,0.413458973,1
22391,1.99407351,3.279999971,0.552113141,0.158368289,0.470163554,1
25335,2.091937542,-3.40282E+22,1.892028456,0,0.413458973,1
43797,2.04846096,-3.40282E+22,1.924609921,0,0.413458973,1
43809,2.001446724,4.55239296,1.024879636,0.816726506,0.443318546,1
22810,1.901573181,3.060297489,0.351736507,0.770954847,0.476793826,1
32846,2.189299583,4.476420403,0.989338737,1.728191495,0.453595847,1
26044,1.958512545,4.355355263,1.022192496,1.937436223,0.450196385,1
24057,1.88351655,2.638944626,0.240062681,0.737913013,0.480128676,1
26045,1.820704222,4.225736618,1.009094556,0.311066866,0.453595847,1
26046,1.911598682,4.35854578,1.01676284,0.370599091,0.446764231,1
4499,1.874471068,3.361650705,0.670954811,0.520348907,0.466867507,1
10830,1.731997252,-3.40282E+22,2.409086273,0,0.403945982,0
51806,2.650677919,4.243470669,1.707200714,0.983578861,0.419907093,1
22816,1.988200665,2.942113876,0.37437366,0.256088823,0.476793826,1
50129,1.946117282,3.477227688,0.69259034,0.671714664,0.466867507,1
31088,1.901110172,4.687039375,1.079713386,3.854085922,0.439880639,1
9709,1.988200665,2.951193571,0.36321667,0.770954847,0.476793826,1
2248,2.189299583,4.487275124,0.996818266,0.610377312,0.453595847,0
10113,1.714595199,3.12345314,0.65373802,0.409188241,0.466867507,1
10829,1.896614552,-3.40282E+22,2.436569119,0,0.400819421,1
3671,3.246081352,4.650645733,1.596330342,1.835607052,0.423162848,0
34769,3.375344276,4.680555344,1.624559872,1.668105125,0.419907093,0
2672,2.086547375,4.031536102,0.890923582,1.336323619,0.460276753,1
40370,1.835705757,3.891947746,0.953449014,0.667641163,0.460276753,1
32847,1.997051001,4.345429897,0.994960274,0.758502245,0.453595847,1
1435,1.870126128,3.211557627,0.632236226,0.523928881,0.470163554,1
39016,2.561165094,4.853942394,1.101195254,2.415554762,0.439880639,0
2467,2.666870832,4.592030525,1.078414074,2.345720053,0.439880639,1
2558,1.835705757,3.976495743,0.957269123,0.667641163,0.460276753,1
14964,1.49336338,-3.40282E+22,2.225614902,0,0.407095134,0
32845,2.095482111,4.537524223,1.004009589,0.673223197,0.453595847,0
10112,1.766695023,3.352181196,0.699396555,0.671714664,0.466867507,1
43810,2.103292227,4.527386665,1.037108822,0.777355313,0.443318546,1
3941,1.851756573,4.337696075,1.028513056,0.619722247,0.446764231,1
2136,1.890406132,3.765662193,0.944872184,0.444570154,0.460276753,1
41949,2.489913702,4.635940552,1.171206201,1.044413567,0.436467797,0
51778,2.489913702,4.687391281,1.178948989,0.938235462,0.436467797,0
10831,1.946685791,-3.40282E+22,2.4155111,0,0.403945982,1
25153,2.103292227,4.714047432,1.045482402,1.105426311,0.443318546,1
913,1.701853275,-3.40282E+22,2.126305428,0,0.410266429,0
37116,1.92127347,-3.40282E+22,2.444557815,0,0.400819421,1
29369,1.983530283,3.770362139,0.825522106,0.257987738,0.46357581,1
26047,2.060382366,4.564141273,1.033696676,0.145503476,0.446764231,1
2256,1.804986238,3.950293303,0.971135081,0.085544698,0.456954181,1
34736,1.872424126,4.471409798,1.037684855,0.85391444,0.446764231,1
2787,1.795950651,4.018982887,0.997567969,0.540547252,0.453595847,1
2377,2.495950937,4.431164265,1.234498363,0.465331912,0.433090329,0
43247,1.624865294,-3.40282E+22,2.17123415,0,0.407095134,0
10138,2.011805534,3.385882854,0.57879768,0.433496088,0.470163554,1
26048,1.84372139,4.184285164,1.031719874,0.321009755,0.453595847,1
42753,1.54560709,-3.40282E+22,2.202637636,0,0.407095134,0
29367,1.983530283,3.760821581,0.816363384,0.257987738,0.46357581,1
26049,1.49336338,-3.40282E+22,2.255181133,0,0.407095134,0
48749,1.950276375,3.153020859,0.514910695,0.605108023,0.473471165,0
2194,1.799075603,3.963418245,0.985354214,0.949109793,0.456954181,1
12189,2.422476292,4.125143528,1.762235692,0.95642364,0.416672379,1
30304,1.995898128,2.90073514,0.388808845,0.408195585,0.476793826,1
3944,1.990169764,4.548127651,1.046191486,0.539351821,0.446764231,1
42899,1.977852583,-3.40282E+22,2.024935605,0,0.410266429,0
2765,1.795950651,4.086558342,1.001197409,0.770290434,0.453595847,1
33237,1.838282824,-3.40282E+22,2.10350056,0,0.410266429,0
26050,2.066838264,4.29254055,1.052991134,0.915915132,0.450196385,1
3683,1.950276375,3.264882565,0.526112033,0.624668956,0.473471165,0
26051,2.237185955,4.884915352,1.080350237,1.089227915,0.443318546,1
50042,2.126513243,3.072217464,0.325654406,0.288890719,0.476793826,1
4498,1.74278295,3.324873447,0.699602502,0.677843809,0.466867507,1
4335,2.114818573,3.065966606,0.421238905,2.299346447,0.473471165,1
39015,2.561165094,4.941500664,1.120210547,1.450384259,0.439880639,0
5403,1.950276375,3.294762611,0.512881745,0.559402585,0.473471165,0
911,2.691156387,4.186485767,1.689477912,0.597126782,0.419907093,1
30773,2.839480877,4.478007317,1.39580485,0.755798519,0.426441491,1
43731,2.291474342,3.954659224,1.808835501,0.613933563,0.416672379,1
4333,1.74278295,3.432393074,0.69067943,0.647297561,0.466867507,1
17240,2.917651653,4.438102722,1.381193937,1.048181772,0.42974928,1
4493,1.865990639,3.61793232,0.791627834,0.755443156,0.46357581,1
10583,1.779283524,3.451657295,0.744651958,0.395014584,0.466867507,1
32896,1.821767688,3.010996342,0.465251812,1.317437887,0.473471165,0
50040,1.850811005,2.478313446,0.28505025,0.706564069,0.480128676,1
24056,2.024925232,2.912360191,0.258524335,1.356781721,0.480128676,1
34735,1.872424126,4.425213337,1.05562333,0.893320739,0.446764231,1
39568,2.666870832,5.891143322,1.106443347,1.433361888,0.439880639,1
32266,1.888313293,-3.40282E+22,2.388445528,0,0.403945982,0
3907,2.037219048,3.511896849,0.571684007,0.743557572,0.470163554,1
26054,2.577304125,4.19859457,1.728336921,0.609698117,0.419907093,1
7436,1.79934895,3.606079102,0.779889076,0.506735384,0.46357581,1
49254,2.422476292,4.296815872,1.772784605,0.95642364,0.416672379,1
44681,1.938405514,-3.40282E+22,2.371110037,0,0.403945982,0
8639,2.669749737,4.316241741,1.471592392,1.006504536,0.426441491,1
13773,2.10174346,2.338672876,0.076052203,0.215258852,0.490144372,1
32897,2.014497757,3.201031923,0.477838487,1.317437887,0.473471165,0
48964,2.915762663,4.402123928,1.608732285,0.357905835,0.423162848,1
37117,1.782917976,-3.40282E+22,2.443108468,0,0.400819421,1
42754,1.786825895,-3.40282E+22,2.219803051,0,0.407095134,0
3997,2.743022919,4.361329556,1.481690723,0.172749311,0.426441491,1
23933,1.879500508,2.640124798,0.362712114,0.753903806,0.476793826,1
41950,2.602597475,4.900834084,1.194615268,0.618611634,0.436467797,0
26056,2.021811724,4.424870968,1.069476704,0.585652053,0.450196385,1
26057,2.564694405,4.074413776,1.66324958,1.080839038,0.419907093,1
48966,2.922060966,4.375668049,1.600898543,0.502012849,0.423162848,1
43638,2.567834377,4.043271542,1.707734274,0.507603407,0.419907093,1
7605,2.082049847,3.871614933,0.835701383,0.228921935,0.46357581,1
48750,1.99471581,3.340276957,0.530906646,1.376580238,0.473471165,0
30044,2.014497757,3.101866722,0.462171387,0.783564925,0.473471165,0
44682,1.938405514,-3.40282E+22,2.38688521,0,0.403945982,0
51777,2.602597475,4.817528248,1.206270186,0.304288626,0.436467797,0
9807,2.959743023,4.697013378,1.370617353,0.539449275,0.42974928,1
42901,2.157820702,-3.40282E+22,2.042163525,0,0.410266429,0
42755,1.786825895,-3.40282E+22,2.210800458,0,0.407095134,0
43732,2.25335741,3.920328856,1.82061137,0.427972972,0.416672379,1
3927,2.129419804,3.934499025,0.880192192,1.060869217,0.46357581,1
4626,1.879500508,2.874913454,0.389213612,0.790080607,0.476793826,1
33238,1.945505619,-3.40282E+22,2.106789471,0,0.410266429,0
2768,1.834673643,3.968318224,1.021570336,0.25157553,0.456954181,1
1436,1.825427771,3.676425457,0.960591033,0.281645089,0.460276753,1
26058,1.754487991,-3.40282E+22,2.263248746,0,0.407095134,0
39569,2.544747829,4.64838171,1.272909427,1.034254313,0.433090329,0
2240,1.87166214,4.311798096,1.075578073,0.111708216,0.450196385,1
43248,1.790955544,-3.40282E+22,2.187120524,0,0.407095134,0
6431,2.050342083,3.381299734,0.560811655,1.952973485,0.470163554,0
2931,1.952509403,4.276759624,1.066409921,0.667852283,0.450196385,1
2382,2.345628262,4.974683285,1.085479335,0.246403188,0.443318546,1
3998,2.648813486,5.02976656,1.109529095,1.352272034,0.439880639,1
49252,2.63140583,4.401200294,1.790585592,1.203644753,0.416672379,0
42900,2.157820702,-3.40282E+22,2.033877009,0,0.410266429,0
32898,2.014497757,3.196164846,0.487905773,0.708758354,0.473471165,0
9212,1.892731786,3.582643032,0.753301249,0.6675964,0.466867507,1
2759,1.643743992,3.928792477,1.018049593,0.665838003,0.456954181,1
4806,2.394864082,5.086152077,1.101740371,0.862030208,0.443318546,1
19727,1.894065142,4.370474339,1.084047468,0.857940495,0.446764231,1
17237,2.959743023,4.339100838,1.403866604,1.023026347,0.42974928,0
54886,1.788936019,3.814271212,0.987351712,0.418440849,0.460276753,1
54887,1.940244675,3.964297295,1.002237746,1.249362588,0.460276753,1
3928,1.95128417,2.584374666,0.280654082,1.402035236,0.480128676,1
2485,1.963598371,3.726253986,0.9357819,0.630228817,0.460276753,1
2641,2.082049847,4.056101322,0.853250045,1.023272157,0.46357581,1
48965,2.922060966,4.443422794,1.617572035,0.43274951,0.423162848,0
2135,1.788936019,3.703583479,0.976489971,0.418440849,0.460276753,1
5212,1.892731786,3.502367496,0.774914971,0.484715551,0.466867507,1
26061,2.649218082,4.225128174,1.740979801,0.799241364,0.419907093,0
56062,2.093030214,4.781839371,1.086401275,0.842411816,0.446764231,1
46052,3.053299427,4.872627258,1.33594172,1.451548934,0.42974928,0
2766,1.834673643,4.152957916,1.040492603,0.294906646,0.453595847,1
4332,1.879500508,2.927886248,0.396867829,0.5303545,0.476793826,1
43733,2.398497105,3.901901722,1.833637759,1.20008111,0.416672379,0
17297,1.866300821,4.228291035,1.098044089,0.557905853,0.450196385,1
38303,1.831940889,2.73731041,0.368005919,0.925358057,0.476793826,1
24290,1.897571802,2.592354536,0.283062794,1.402035236,0.480128676,1
54888,1.667633295,3.856772661,1.015255722,0.908196986,0.460276753,1
3932,1.965156555,2.607564926,0.308350756,0.642902613,0.480128676,1
2314,1.79174161,4.160374641,1.054172171,0.412616253,0.453595847,1
2892,1.838974833,3.993476868,0.892910876,1.455655456,0.46357581,1
4642,1.930908918,2.955093861,0.532360826,1.427291989,0.473471165,0
2557,1.804728746,4.045773029,1.036812047,1.069058537,0.456954181,1
26062,2.698213577,4.072883606,1.694218034,0.661172152,0.419907093,0
41575,2.378869295,-3.40282E+22,2.22451454,0,0.407095134,0
17294,1.892141819,4.417979717,1.099172492,0.180422679,0.450196385,1
3887,1.935786366,3.768228292,0.931803111,0.534100533,0.460276753,1
2313,1.898325682,4.187159061,1.071040705,0.61137414,0.453595847,1
2712,2.016704321,3.899920464,0.905361582,0.196437865,0.46357581,1
37531,2.683365345,4.410909176,1.470264939,1.039870977,0.426441491,0
10123,1.930908918,3.191129684,0.513195438,0.550862193,0.473471165,0
4640,1.715389013,3.262979031,0.724769075,0.657010078,0.466867507,1
43639,2.535092831,4.020319462,1.732328503,0.279003233,0.419907093,0
49253,2.621833324,4.470191956,1.796230398,0.442861617,0.416672379,0
19726,1.827394962,4.248986721,1.105021127,1.436377525,0.446764231,1
45101,2.526161194,5.192103863,1.124504308,0.462057441,0.443318546,1
11001,1.942169666,4.39472723,1.111882944,0.178099409,0.450196385,1
37532,2.487671375,3.958573818,1.492929164,1.0001266,0.426441491,0
19413,2.957828522,4.488165379,1.630071518,0.47570166,0.423162848,0
4641,1.65389061,2.916580915,0.546087429,0.950509667,0.473471165,0
15266,1.923511744,2.989952087,0.472259567,1.123665214,0.473471165,0
10100,1.904543996,3.881506681,0.982436456,0.789163291,0.460276753,1
26063,2.310902119,-3.40282E+22,1.983713408,0,0.413458973,0
51719,2.854986191,4.20722723,1.656287564,1.335420966,0.423162848,0
4450,1.827394962,4.229489803,1.110522856,1.101399422,0.446764231,1
17006,2.310902119,-3.40282E+22,1.986281016,0,0.413458973,0
42724,2.531716347,4.566929817,1.337359693,1.301487565,0.433090329,0
43478,1.971105337,4.321948528,1.108448042,0.252823055,0.450196385,1
30120,2.362369537,4.035316944,1.858300041,1.749401808,0.416672379,0
26065,2.821432114,4.324566364,1.597697078,1.499086976,0.423162848,1
19410,2.854986191,4.434414387,1.648506875,0.491721392,0.423162848,1
2322,1.804728746,3.961372852,1.055291051,1.405019164,0.456954181,1
2378,2.355511904,4.968179703,1.127676721,1.047878504,0.443318546,1
11035,1.897571802,2.76290226,0.309470215,0.441163987,0.482471794,1
43640,2.535092831,3.920919895,1.745435923,0.186966702,0.422209561,0
41154,1.831502795,2.885280609,0.350498927,0.673941255,0.479142278,1
32,1.915847778,1.964314103,0.156560839,0.664456487,0.492512912,0
26067,2.957828522,4.374128819,1.625278573,1.658845425,0.425489008,0
2458,1.971559763,4.407543659,1.105863596,0.916346133,0.456167668,1
2671,1.667633295,3.772391319,1.036354253,0.406439036,0.462743312,1
48540,1.703574181,2.739356756,0.407327714,0.536338925,0.479142278,1
2198,1.87271595,4.069339275,1.061322854,0.511534512,0.459476471,1
5136,1.773039103,3.359770298,0.699584443,1.783709168,0.472528309,1
38337,1.994916677,4.262330055,1.087801616,0.487591237,0.456167668,1
2646,1.696939826,3.231984377,0.782250075,0.380423248,0.469251841,1
54231,2.871591568,5.140922546,1.190390415,2.143895149,0.442425579,0
20804,2.527143002,4.247917652,1.798093648,0.46271655,0.418956339,0
1425,1.265178204,1.740048766,0.136613038,1.795346856,0.485812247,1
50488,2.624894381,-3.40282E+22,2.017380071,0,0.415727347,0
15089,2.763009071,5.341753006,1.182758114,0.639581501,0.442425579,0
11207,2.584369421,4.936143875,1.168074171,1.217552066,0.442425579,0
16527,2.663781166,4.112435341,1.603526088,0.938961744,0.425489008,1
2316,1.958271503,4.332931519,1.106564011,0.440968543,0.456167668,1
30819,1.967229247,3.465561867,0.730541156,0.162356287,0.469251841,1
7429,1.959056497,3.915863752,0.981873108,0.150822192,0.462743312,1
3930,1.913081765,2.576153994,0.347796958,0.320680529,0.482471794,1
54232,2.871591568,5.545703888,1.197180276,1.240225911,0.442425579,0
54233,2.871591568,5.545703888,1.197180276,1.240225911,0.442425579,0
43886,2.642520428,5.199999809,1.15720597,1.253348231,0.445904613,0
40998,2.12277627,4.729575157,1.153226332,1.220810056,0.445904613,1
32895,2.048825264,2.890774965,0.327853365,0.568479955,0.482471794,1
7857,2.243949175,2.473335266,0.038660043,2.446876526,0.492512912,0
56061,2.258611679,4.747588634,1.149796836,0.668195367,0.449371278,1
38338,1.994916677,4.382451057,1.105016267,0.247531012,0.456167668,1
29850,2.595077276,4.113695145,1.751333592,1.109770179,0.422209561,0
2142,1.532757282,3.716614246,1.091334472,0.972555161,0.459476471,1
32608,2.469294548,4.497442722,1.38586842,0.212524161,0.432143986,0
39400,2.574094772,4.518650055,1.697368335,1.17694068,0.422209561,0
39651,1.766937852,2.680884838,0.401170322,0.390494645,0.479142278,1
14220,2.12277627,4.316904545,1.159846231,1.393496156,0.449371278,1
34777,2.859717607,4.593355656,1.723052835,1.413097858,0.422209561,0
2321,1.724768162,3.799300909,1.100593586,0.679020822,0.459476471,1
15544,2.470868587,3.860226631,1.578130656,0.311292022,0.428798139,1
34742,1.925899982,4.288484573,1.116140309,0.350943208,0.456167668,1
39401,2.929013729,4.4372015,1.688160406,1.17694068,0.425489008,0
2334,1.720210075,3.863162041,1.093654972,0.663739383,0.459476471,1
17856,2.184150696,4.291371822,1.165763327,0.622564495,0.449371278,1
38962,1.794171572,3.92757082,0.978222789,1.105307221,0.462743312,1
34776,2.993008852,4.683950424,1.738796556,1.21682477,0.422209561,0
2498,2.284431219,4.440948963,1.351234709,0.396454841,0.435531169,0
37520,2.184150696,4.291371822,1.167564358,0.622564495,0.449371278,1
2713,1.802507401,4.117000103,1.124664258,0.663438559,0.456167668,1
3678,1.769945741,3.974994421,1.003004523,1.048606038,0.462743312,1
4334,1.565945864,2.507593632,0.464305328,0.924126089,0.479142278,1
4793,1.641927719,3.862328529,0.958472824,1.734759808,0.465994149,1
7604,2.002253056,3.000458002,0.377907726,0.313764185,0.479142278,1
2320,1.724768162,3.993858576,1.112572073,1.377904296,0.459476471,1
8099,1.913021326,4.255663872,1.140293919,0.918609202,0.456167668,1
2938,2.126043797,4.371790886,1.356147274,0.396454841,0.435531169,0
40999,2.567249537,4.921812057,1.179441336,2.313013315,0.445904613,1
3905,1.759294152,2.757251978,0.526756417,0.65788275,0.475825906,0
2484,1.843453646,4.468583107,1.175095671,0.820524335,0.452798814,1
29849,2.490281105,4.071829319,1.76375516,1.615364909,0.422209561,0
34761,2.863192081,4.633016109,1.507638687,0.410867065,0.428798139,0
15090,2.605314493,5.126791477,1.223403008,1.560727835,0.442425579,0
20806,2.490281105,3.971906424,1.78091835,0.206691086,0.422209561,0
43794,2.846092224,4.4826684,1.911740627,3.27472949,0.418956339,0
4643,1.907738328,2.959213018,0.549841587,1.284769297,0.475825906,0
8098,1.941731691,4.60435915,1.178381844,1.14308691,0.449371278,1
11033,1.671107411,3.098277807,0.731514776,0.541385055,0.472528309,1
37521,2.184150696,4.81610918,1.186393389,5.555605412,0.445904613,1
2319,1.724768162,3.780194998,1.124617933,0.854034305,0.459476471,1
2741,1.802507401,4.123998642,1.150273517,0.871123552,0.456167668,1
34741,1.925899982,4.15686655,1.142824461,0.668876171,0.456167668,1
5075,1.603035927,3.229505539,0.828841504,0.144937158,0.469251841,1
34,2.096562624,2.348358154,0.053842309,2.37985754,0.492512912,0
34759,2.783456326,4.531222343,1.532631145,0.472591519,0.428798139,0
11200,2.370470047,4.782223701,1.242772261,0.83635354,0.442425579,0
32591,2.329583645,4.338512421,1.405403901,0.367104948,0.435531169,0
2474,2.783456326,4.309861183,1.545691535,0.520075798,0.428798139,0
9713,1.86085701,2.805427551,0.501119559,1.402316451,0.479142278,1
3996,2.489502668,4.364593029,1.476301245,0.713143349,0.432143986,0
7431,1.699077725,2.538893938,0.418619787,0.735846698,0.479142278,1
43482,1.716527462,3.314296246,0.85867726,0.761702418,0.469251841,1
20791,2.577564716,4.12379694,1.644973631,1.127506733,0.425489008,0
34760,2.765211821,4.454048157,1.527611493,0.492480308,0.428798139,0
13880,1.418497801,3.458986044,1.063167484,1.039745808,0.462743312,1
3670,1.527238131,2.715291262,0.398340827,2.264531851,0.479142278,1
35042,3.138348103,6.03290844,1.201622354,3.840145588,0.445904613,0
6341,1.473962069,2.476164103,0.335901717,1.757206798,0.482471794,1
27041,1.326754093,3.077792406,0.912364936,0.510470271,0.465994149,1
15109,2.564463615,4.997456074,1.240609104,0.97043407,0.442425579,0
54920,2.498908758,4.345005989,1.47869469,0.713143349,0.432143986,0
8686,3.138348103,5.233581543,1.205859821,3.57832098,0.445904613,0
2318,1.70678544,3.929787636,1.151108681,0.921249092,0.456167668,1
3909,1.326754093,3.143906593,0.926822372,1.02699995,0.465994149,1
11191,1.486145973,2.386109829,0.373456592,1.49279213,0.482471794,1
1426,1.494781017,2.376041889,0.470927928,0.402002692,0.479142278,1
9712,1.328268766,3.13655448,0.986767549,0.977091551,0.465994149,1
10130,1.328268766,3.13655448,0.986767549,0.977091551,0.465994149,1
2317,1.783477068,4.069862366,1.165963644,0.375674814,0.456167668,1
6373,1.540806651,3.23750329,0.876926112,0.649950564,0.469251841,1
32901,1.658115864,2.969084263,0.572748147,2.011767387,0.475825906,0
49830,2.148872375,4.217304707,1.369579783,0.452126592,0.435531169,1
38361,1.896171808,4.303944588,1.180896261,0.26046735,0.456167668,1
49829,2.037980795,4.151454926,1.385882018,0.161610007,0.435531169,1
4331,1.52534318,2.643956184,0.543171058,0.617342174,0.475825906,0
2253,1.633294821,3.734200716,1.136850108,0.351838261,0.459476471,1
2333,1.633294821,3.770806313,1.143096149,0.689262331,0.459476471,1
44377,2.169474125,4.786322117,1.211615465,3.525370121,0.449371278,1
2137,1.783477068,4.171363831,1.176378516,0.609515607,0.456167668,1
18494,1.644767523,3.283422709,0.829637892,0.560408175,0.469251841,1
48818,1.673348904,4.126805782,1.211128767,0.963692546,0.452798814,1
2510,2.169474125,4.658998489,1.21594908,1.229804635,0.449371278,1
35041,3.660465717,6.384381294,1.223349678,2.059819698,0.445904613,0
3902,1.630696893,2.940951586,0.718234928,1.078998327,0.472528309,1
44376,2.441031933,5.071369171,1.220731513,3.116078377,0.449371278,1
6379,1.694888592,3.084724665,0.774093281,0.957369566,0.469251841,1
8100,1.384160519,2.045865059,0.273502723,1.491182446,0.482471794,1
10135,1.694888592,3.111853361,0.788277281,1.098163366,0.469251841,1
26079,2.577651978,2.25,0.513802856,0.162331805,0.502482831,0
3676,1.649150014,3.077658176,0.809671577,0.996547222,0.469251841,1
38362,1.900730848,4.14743948,1.204845566,0.770361185,0.456167668,1
54333,2.037980795,4.194238186,1.403065983,0.387017697,0.435531169,1
35044,2.635583878,5.35720253,1.243794749,1.740581036,0.445904613,0
2629,2.497935772,5.113498211,1.268855273,0.897969306,0.442425579,1
26080,2.61885047,2.229578257,0.523231714,0.162331805,0.502482831,0
26081,2.61885047,2.229578257,0.523231714,0.162331805,0.502482831,0
2190,2.319426537,4.705776215,1.235087406,3.15895772,0.449371278,1
26082,3.096480608,5.598361969,1.254238054,2.045135498,0.445904613,0
38981,2.722634792,5.230632782,1.303323059,1.983837485,0.442425579,1
38980,2.657880306,5.120858192,1.317021962,1.350296259,0.438961089,1
2379,2.721585989,5.46697855,1.239206879,5.670624733,0.449371278,0
4044,1.587925673,2.480000019,0.392225336,0.82104975,0.482471794,1
54334,1.907457829,4.030861855,1.419944662,0.588124514,0.435531169,1
3933,1.358956337,3.157003164,0.985305644,0.27364555,0.465994149,1
13879,1.363288522,3.330141544,1.090190419,0.243575647,0.462743312,1
34757,2.779907703,4.531615257,1.567086343,0.314619124,0.428798139,0
10126,1.328221321,3.249167442,1.018847433,0.11907915,0.462743312,1
11124,1.358956337,3.157003164,0.985162259,0.27364555,0.465994149,1
54332,1.993698597,4.286407471,1.406519765,0.385441035,0.435531169,1
7435,1.316380739,3.189136982,1.042987911,0.295409173,0.462743312,1
4055,1.455992818,2.411730766,0.444210404,0.553745985,0.479142278,1
38489,2.61885047,2.19234252,0.516555119,0.268238485,0.502482831,0
2457,2.012141705,4.173566818,1.237948706,0.855593801,0.452798814,1
11210,3.055018425,5.391949654,1.256624312,1.518122435,0.445904613,0
21223,2.570532084,4.057621479,1.683122896,1.882081628,0.425489008,1
2332,1.405581951,3.492872,1.129939382,0.798871994,0.462743312,1
27048,2.966630936,5.600805283,1.271986906,1.108686447,0.445904613,1
34756,2.779907703,4.59240818,1.561193026,0.732358336,0.428798139,0
2743,1.412808418,3.426264524,1.183830666,0.656971633,0.459476471,1
46044,2.905946732,5.280782223,1.25465209,3.935969353,0.449371278,1
38998,1.68545568,2.878548384,0.53919195,1.67939043,0.479142278,1
4050,1.625905871,2.474195957,0.374458384,1.112016082,0.482471794,1
34758,2.779907703,4.479134083,1.579628755,0.314619124,0.428798139,0
38490,2.61885047,2.227451801,0.516975998,0.285946578,0.502482831,0
1458,1.993698597,4.077759743,1.433172248,0.422403961,0.435531169,1
35043,3.055018425,5.744202137,1.272573937,1.835437775,0.445904613,0
15265,1.859908581,4.10652256,1.213881686,0.158527374,0.456167668,1
4069,1.476349473,2.712517738,0.602598059,1.281971931,0.475825906,1
26083,3.096480608,5.662333965,1.280579186,1.391525626,0.445904613,1
2478,1.643505573,2.544950962,0.288121685,1.422865391,0.482471794,0
6421,1.464765787,3.000049353,0.739624922,1.199715614,0.472528309,1
6405,1.601353168,3.025106907,0.754827562,0.828568518,0.472528309,1
31343,2.370643139,4.812324524,1.312226572,0.614237726,0.442425579,1
34755,2.612610817,4.380067825,1.578649457,0.53373158,0.428798139,0
10596,2.925327778,4.616083622,1.625194566,0.319209427,0.428798139,0
26084,2.522435427,2.241071939,0.515222797,0.785216808,0.502482831,0
11149,1.82390821,3.16356945,0.722131961,1.134870052,0.472528309,1
54823,1.841713905,4.017650604,1.208475894,1.178297281,0.459476471,1
26085,2.454817533,2.216287374,0.533244334,0.770543873,0.502482831,1
6416,1.373238444,2.965155125,0.836217165,0.259410679,0.469251841,1
29319,1.373238444,2.961187601,0.834875956,0.259410679,0.469251841,1
7629,1.557949185,2.471544743,0.433162132,0.35114184,0.479142278,1
26086,3.446861029,6.006346703,1.291548802,1.391525626,0.445904613,1
22300,1.424558401,3.273465633,1.029098917,0.541111112,0.465994149,1
2140,1.400358677,3.445055485,1.185272902,0.342629433,0.459476471,1
2491,1.39950633,3.109514713,0.920540176,0.46222198,0.469251841,1
2161,2.381904364,4.96337986,1.273628606,3.090539694,0.449371278,1
2480,1.730711579,2.731972218,0.698571582,0.313454509,0.472528309,1
10773,1.977077723,4.045147419,1.462170394,0.759219646,0.437979698,1
10143,1.262192607,3.189122677,1.072737516,0.260021925,0.465088069,1
2479,2.103132248,2.885979414,0.33157953,1.035469294,0.48477298,0
2663,2.244455099,4.705001354,1.269949872,0.700409949,0.455311567,1
6430,2.061288118,2.990621805,0.348510151,0.922027349,0.48477298,0
26088,1.424558401,3.37729764,1.035143695,0.652101338,0.468311012,1
11139,1.321702242,3.162810802,1.11294052,0.456466734,0.465088069,1
49606,1.638784647,3.797522306,1.205896392,1.919515967,0.461872518,1
51820,1.400358677,3.684394121,1.199091976,1.364049196,0.461872518,0
2187,1.42859745,3.293170691,1.12586025,0.728322148,0.465088069,1
35045,1.42859745,3.596493006,1.148885123,1.146873713,0.465088069,1
31344,2.370643139,4.874127865,1.336365217,0.695931017,0.444960326,1
17879,1.42859745,3.596493006,1.149620847,1.146873713,0.465088069,1
29317,1.373238444,2.826803446,0.846138167,0.474611938,0.471564919,1
5,2.522435427,2.078858137,0.495599694,0.367539525,0.504806936,0
26090,1.424558401,3.401898146,1.047834155,0.658658803,0.468311012,1
2370,2.04856658,3.393451691,0.55702595,1.625980496,0.48146975,1
33662,1.783623934,2.943129301,0.669337246,0.693589687,0.478159964,1
35046,1.466228724,3.491631508,1.174854829,0.874581993,0.461872518,1
17880,1.466228724,3.606470823,1.175098709,0.874581993,0.461872518,1
41000,2.39466095,4.290614128,1.567532044,0.882023335,0.434544206,0
2326,1.638784647,3.940676212,1.221277943,0.906731784,0.461872518,1
17776,1.570445776,-3.40282E+22,2.321172502,0,0.411566585,0
41574,1.730711579,2.839206696,0.701673956,1.000913978,0.47485289,1
44032,2.49818325,5.055265903,1.306759109,2.248376131,0.448459119,0
33661,1.718737364,2.933437347,0.679833081,0.693589687,0.478159964,1
2360,1.53397429,3.253748894,0.9923213,1.006833315,0.468311012,1
27046,2.46846056,5.272105694,1.3273502,3.494652271,0.448459119,1
2658,2.785228968,5.586956501,1.303505462,3.158962727,0.45191896,1
2189,2.252616882,4.703045368,1.306234619,2.025221825,0.45191896,0
7622,1.666094899,2.56682992,0.524535536,1.274622202,0.48146975,1
4518,1.470224857,3.348182917,1.128831753,1.55113852,0.465088069,1
30049,1.608245611,2.862589598,0.664622058,0.636393428,0.478159964,1
4807,1.720119715,2.659384727,0.413160516,0.697685421,0.48477298,1
4631,1.720119715,2.659384727,0.414149351,0.697685421,0.48477298,1
18881,1.470224857,3.346145868,1.133882632,0.858584702,0.465088069,1
2489,1.349762678,2.955503941,0.94034103,0.444508672,0.471564919,1
2383,2.785228968,4.888257027,1.307715991,1.923204184,0.45191896,1
51821,1.876059532,3.865427256,1.213497424,3.270572662,0.461872518,1
30053,1.785735011,3.184430838,0.753703784,0.432744354,0.47485289,1
30063,1.470224857,3.35842824,1.117960802,1.722584367,0.465088069,1
26091,1.539412379,3.387609005,1.032720726,0.894854009,0.468311012,1
10845,2.288344383,4.089007378,1.56853449,0.250199437,0.434544206,0
30051,1.785735011,3.101917744,0.743969416,0.891394198,0.47485289,1
10967,2.356011629,4.736525059,1.34576677,0.412245989,0.444960326,1
4528,1.323771119,3.006419659,0.88638021,0.323394448,0.471564919,1
26092,2.649240017,5.021713257,1.330589284,4.307571411,0.448459119,1
49607,1.914945364,4.056768894,1.228759727,3.033485651,0.461872518,1
30371,2.714426517,2.248772383,0.565853184,0.22018519,0.508111715,1
4520,1.325120926,2.958004236,0.981490633,0.593689442,0.468311012,1
11058,2.689101219,4.486920357,1.639802384,1.10814929,0.431155622,0
33643,1.718737364,2.919602394,0.68631033,0.466220021,0.478159964,1
44033,2.194635868,4.947229385,1.32285838,1.948220611,0.448459119,0
33305,2.312949657,4.513932228,1.307545078,1.957602024,0.455311567,1
3687,1.470224857,3.343617678,1.138607508,0.77594173,0.465088069,1
6437,2.165995598,2.979012251,0.355277261,0.419397175,0.48477298,0
4566,1.539412379,3.418254137,1.039026018,0.894854009,0.468311012,1
33226,2.883186817,4.502910137,1.678354371,0.322960883,0.431155622,0
4081,2.05604744,3.095205069,0.581015802,0.637623727,0.48146975,1
42579,1.573649287,2.781839609,0.634879371,0.349545658,0.478159964,1
42578,1.573649287,2.785495281,0.628904222,0.973778367,0.478159964,1
2237,1.970386267,4.223100662,1.27327244,2.114248753,0.458625317,1
2740,1.714742422,3.766073704,1.17657635,2.119565487,0.465088069,1
5141,1.539412379,3.485835552,1.026269234,0.654940903,0.468311012,1
2932,1.677114725,3.721913815,1.263352488,0.393304497,0.461872518,1
4048,1.550234556,3.450758696,1.052666193,0.726049602,0.468311012,1
3924,2.674878597,5.15953064,1.401929831,0.98386544,0.44145745,1
10594,1.622653484,3.025549412,0.82181417,0.115899183,0.47485289,1
26093,2.714426517,2.329675198,0.541386513,0.938916028,0.504806936,1
4338,1.952008128,2.848417997,0.396221684,0.753769279,0.48477298,0
42580,1.573649287,2.753360748,0.635537549,0.349545658,0.478159964,1
2508,2.838996887,5.160920143,1.428438054,0.849577844,0.44145745,1
2327,2.663922787,4.810966969,1.212607292,3.561557293,0.461872518,1
2329,2.084355116,4.087651253,1.19592229,2.119565487,0.465088069,1
15076,2.392440319,4.065365791,1.611297531,0.336817712,0.434544206,0
34722,2.339349508,4.847514629,1.366417088,0.192573696,0.444960326,1
4340,1.549115181,3.059807301,0.861000887,0.940806627,0.471564919,1
2230,2.114988327,4.536390781,1.340312244,1.750964761,0.45191896,1
2173,1.60346818,3.433043242,1.157501027,0.77594173,0.465088069,1
171,1.463780999,1.192988038,0.02729307,2.426219225,0.494738549,1
17774,1.59844327,-3.40282E+22,2.369500697,0,0.411566585,0
54234,2.234463692,4.769255161,1.374760446,1.10075295,0.444960326,1
42581,1.782626987,2.762971878,0.636737064,0.86114502,0.478159964,1
11375,1.366193175,2.962911606,0.91110719,0.36840874,0.471564919,1
30093,2.868255854,5.241566658,1.33839239,2.205606222,0.45191896,1
2739,1.659854412,3.812974215,1.280728971,0.491340548,0.461872518,1
2505,1.378713608,2.826315641,0.885112759,0.436044902,0.471564919,1
33620,1.632543325,2.649194956,0.651408276,0.229509383,0.478159964,1
34405,1.632543325,2.649194956,0.651408276,0.229509383,0.478159964,1
8214,2.588891029,4.596402168,1.354389421,2.309067249,0.448459119,0
26094,2.351066113,2.325241804,0.538181257,0.938916028,0.504806936,1
6371,1.659854412,3.818912745,1.28457638,0.491340548,0.461872518,1
2362,1.647503376,3.037586212,0.741237613,0.234445259,0.47485289,1
26095,2.057010651,4.248231888,1.500709197,0.565850317,0.437979698,1
15510,1.366193175,2.962911606,0.915305336,0.36840874,0.471564919,1
6442,1.378713608,2.955637217,0.905184865,0.40955916,0.471564919,1
4037,1.3431288,2.927507401,0.942035957,0.345555723,0.471564919,1
34723,2.339349508,4.765906811,1.380463081,0.814357162,0.444960326,1
30091,3.030267954,5.760318756,1.346220015,2.369947433,0.45191896,1
29461,1.630057573,2.898314714,0.762437604,0.477196336,0.47485289,1
6425,1.389877558,3.012702227,0.964344133,0.206431404,0.471564919,1
2502,1.710960507,2.585084915,0.523905263,0.724671304,0.48146975,1
2192,2.045339823,4.24937439,1.320768415,0.703164637,0.458625317,1
26096,1.713378429,3.498005152,1.057247975,1.017756104,0.468311012,1
2509,2.530600548,5.09663105,1.368497427,1.9350003,0.448459119,1
30090,3.030267954,5.623366356,1.352548568,2.369947433,0.45191896,1
2769,1.628729701,3.117708206,0.845552694,0.221882194,0.47485289,1
4582,2.497748852,4.91797781,1.354151337,1.092286706,0.45191896,1
15511,1.366193175,2.938069344,0.931916965,0.444493949,0.471564919,1
7606,1.630057573,2.934151411,0.782719601,0.308377475,0.47485289,1
11376,1.366193175,2.938069344,0.933099179,0.444493949,0.471564919,1
30045,1.632543325,2.759620667,0.662241751,0.569723964,0.478159964,1
30047,1.712568998,2.941601753,0.682407801,0.79025197,0.478159964,1
17775,2.209436417,-3.40282E+22,2.42109016,0,0.411566585,1
21682,1.782626987,2.904996872,0.638542622,0.859273493,0.478159964,1
7442,1.587043524,2.525998831,0.471790296,0.170453757,0.48146975,1
25359,1.712568998,2.959762096,0.696379147,0.729658663,0.478159964,1
4067,1.727794647,2.493709087,0.451946396,0.886279702,0.48477298,1
2476,1.613247633,2.886829853,0.793946004,0.308377475,0.47485289,1
54235,2.234463692,4.494510651,1.39874561,1.249309897,0.444960326,1
2454,2.276068449,4.723870754,1.351557141,0.291520149,0.455311567,1
2196,1.735529661,3.909962416,1.292019177,0.706956327,0.461872518,1
15860,1.887889266,1.075050354,0.581494258,1.753093958,0.508111715,1
46039,2.739654541,5.185429573,1.434706768,0.964737833,0.44145745,1
2934,1.945919275,3.887081861,1.140686315,1.252294779,0.465088069,1
32312,2.290591002,4.027406216,1.26877864,1.304531932,0.461872518,1
30756,2.225613117,3.657609224,1.09313946,2.021736145,0.468311012,1
34285,1.889826059,3.139986753,0.58435472,1.070179105,0.48146975,1
32268,2.460715055,5.200353622,1.370352637,3.039786816,0.45191896,1
5497,1.7347579,3.483790398,1.177013223,2.427085161,0.465088069,1
34284,2.012296438,3.413275242,0.599875143,0.381156981,0.48146975,1
32818,1.932205558,2.782537699,0.389971969,0.479972839,0.48477298,0
34724,2.261354923,4.658297539,1.401202452,1.249309897,0.444960326,1
26097,1.550143361,1.007101774,0.57805852,0.215190783,0.508111715,1
30046,1.835007071,2.9486866,0.688264769,0.79025197,0.478159964,1
4052,1.644768238,3.029982328,0.823256825,0.164675608,0.47485289,1
11549,2.659382582,4.369103432,1.701869294,0.778283536,0.431155622,0
41157,2.645970821,5.165753365,1.435608358,0.078435533,0.444960326,1
32309,1.843343258,4.001579285,1.268327943,3.078390121,0.461872518,1
32311,1.791983128,4.050792217,1.286686404,0.706956327,0.461872518,1
4534,1.823530436,3.063723326,0.628035898,1.120113254,0.478159964,1
2481,1.691959977,3.003796816,0.760400562,0.659986675,0.47485289,1
31163,2.609468222,5.51252985,1.394422793,1.101829886,0.448459119,1
7446,1.889826059,2.89185977,0.578245584,1.338893414,0.48146975,1
2560,2.229840279,4.075232506,1.604597492,0.590849042,0.434544206,0
32819,1.917319417,2.818023682,0.401997944,0.479972839,0.48477298,0
2160,2.460715055,4.583568096,1.380352899,3.039786816,0.448459119,0
11229,2.621013165,2.503089905,0.375857028,0.30731079,0.501458287,0
2361,1.691959977,2.871805191,0.755910729,0.659986675,0.47485289,1
34283,2.012296438,3.213950396,0.605252491,1.018582463,0.48146975,1
4573,1.763435125,2.797387123,0.662781347,0.645067811,0.478159964,1
26098,1.606512189,1.114044905,0.597253334,0.527742445,0.508111715,1
2330,1.7347579,4.119880199,1.207433766,2.812513351,0.465088069,1
26099,1.755231857,4.071353912,1.538130438,1.291355848,0.437979698,1
41158,2.562346458,5.208510399,1.436558043,1.644136071,0.444960326,1
22274,2.692096233,5.334270477,1.394749485,1.651718855,0.448459119,1
2668,1.844288826,2.465283155,0.319545892,1.951501727,0.48477298,1
32820,1.932205558,2.740554333,0.380355468,0.82986331,0.48477298,1
5073,1.698780775,2.345075846,0.351270099,2.167926311,0.48477298,1
34282,1.889826059,2.955872297,0.590197988,0.908089876,0.48146975,1
52004,1.691959977,3.003869534,0.753430773,0.659986675,0.478159964,1
11592,2.067677021,2.415634632,0.242135521,1.313806295,0.488077134,1
50018,2.206239462,4.362344742,1.472269868,3.397526264,0.44145745,1
11129,1.682349443,2.678778887,0.522259887,0.318131417,0.48146975,1
6443,1.77911067,3.498430014,1.041736136,1.648612142,0.468311012,1
2227,2.460715055,4.565834522,1.392737506,1.436672449,0.448459119,1
4629,2.012296438,2.970535994,0.607259807,0.908089876,0.48146975,1
2463,1.7347579,3.565701485,1.202423069,2.812513351,0.465088069,1
13116,2.12070179,4.693015575,1.397306756,2.399082422,0.448459119,1
32310,1.791983128,4.001581669,1.301991655,0.500929832,0.461872518,1
11043,1.623148203,2.549529076,0.472047978,0.09483669,0.48146975,1
4517,1.724742055,2.706175804,0.536385461,0.529610932,0.48146975,1
2767,2.0536201,3.939555645,1.256528326,1.78964901,0.461872518,1
26100,2.206239462,4.42624712,1.474699665,3.397526264,0.44145745,1
39650,1.917319417,2.737705231,0.430057231,0.666003704,0.48477298,1
32817,1.932205558,2.802678585,0.400731336,0.683109522,0.48477298,1
38650,1.835007071,3.077668905,0.720798849,0.316641092,0.478159964,1
2309,1.865305901,4.07576561,1.34938936,0.542584658,0.458625317,1
2660,1.817922354,3.996064186,1.584733089,0.830532193,0.437979698,1
11135,1.879134536,3.810468435,1.093396728,2.283741951,0.468311012,1
41406,1.974634886,4.179807663,1.599931753,0.757108569,0.434544206,1
43481,2.011542797,1.902102709,0.176752847,0.105893016,0.498098582,1
46049,2.011542797,1.902102709,0.176752847,0.105893016,0.498098582,1
2193,1.976500988,4.139026165,1.360725515,0.86601305,0.458625317,1
4530,1.623148203,2.544258595,0.483139494,0.09483669,0.48146975,1
2452,1.623820305,4.036962032,1.520467214,1.120875001,0.44145745,1
2486,1.946645737,4.059490204,1.191626288,1.589942217,0.465088069,1
30055,1.586776733,3.064403772,0.960957069,0.639137328,0.471564919,1
2162,2.31885457,4.765583038,1.406247069,0.687998116,0.45191896,1
6414,1.797922134,2.935552597,0.673575226,0.445270479,0.478159964,1
2139,1.70610404,3.797308683,1.315299632,0.538324714,0.461872518,1
1437,1.946645737,3.650636673,1.203642498,0.289959669,0.465088069,1
27605,1.903987408,3.963803768,1.581159284,0.6473158,0.437979698,1
2363,1.617040157,2.838354588,0.913567818,0.487620682,0.471564919,1
50017,1.750795126,4.171784878,1.504781402,1.288277984,0.44145745,1
22273,2.784033298,4.474290371,1.423158936,3.944503069,0.448459119,1
14414,1.778531551,3.968094587,1.566262919,0.950053215,0.437979698,1
19690,1.23445034,1.320648313,0.116440753,2.513390064,0.498098582,1
2657,2.519309044,4.316023827,1.721514686,0.789996088,0.431155622,0
29375,2.358250141,4.137254238,1.113022686,0.622029066,0.468311012,1
4808,1.719176292,2.822300673,0.65243197,0.552545011,0.478159964,1
37319,2.372646809,4.698834896,1.40500014,0.649582505,0.455311567,1
2374,1.729076624,3.968141317,1.558791177,0.922047198,0.437979698,1
4560,2.373027802,4.162326813,1.104347751,1.785715699,0.468311012,1
2249,1.74454689,3.80361557,1.308013804,0.239627436,0.461872518,1
2381,1.795083046,4.00244379,1.348995507,0.448399544,0.461872518,1
2936,1.658761621,3.177108526,0.949829487,0.171882153,0.471564919,1
27703,1.592635632,1.132582426,0.561596243,0.153277501,0.508111715,1
5496,1.797922134,2.965676069,0.706448934,0.720467985,0.478159964,1
30795,1.628675461,2.53254962,0.500102428,0.374829948,0.48146975,1
45133,2.361656189,4.720608711,1.403844784,0.492376029,0.455311567,1
26101,1.835399389,4.20328331,1.510048295,1.02776742,0.44145745,1
27702,1.592635632,1.128047705,0.540975769,0.47672689,0.508111715,1
32307,1.651651859,3.128537655,0.900939716,0.370691031,0.47485289,1
7440,1.751367807,2.792224646,0.75296629,0.491521001,0.478159964,1
30054,1.586776733,3.260040522,0.97272245,0.271329671,0.471564919,1
26102,1.460016608,1.031406283,0.526319843,0.44822216,0.508111715,1
43480,1.498962522,1.847527981,0.134465836,2.158640862,0.498098582,1
46048,1.498962522,1.847527981,0.134465836,2.158640862,0.498098582,1
56087,2.646975279,4.373571873,1.755772777,0.948813438,0.431155622,0
45098,2.361656189,4.613419533,1.41694477,0.447701395,0.455311567,1
33314,1.623820305,4.035507679,1.548715026,0.920258343,0.44145745,1
9250,2.081138134,4.014024258,1.125831954,0.958630621,0.470673949,1
29374,2.081138134,4.014024258,1.123513661,0.958630621,0.470673949,1
2562,1.721465588,3.709531784,1.242634425,1.703396797,0.46740666,1
32883,1.980003119,3.983555794,1.184458818,0.352105498,0.46740666,1
2236,2.12321806,4.439698219,1.438935382,1.25866425,0.457711309,1
2490,2.073767662,3.230600119,0.812112289,1.065064788,0.477368802,1
9246,1.661483526,2.854894161,0.681948522,0.876142383,0.480723023,1
2163,2.228185654,4.665677071,1.437987845,0.280494183,0.454368591,1
37533,2.291689396,4.305269241,1.106063241,1.141682506,0.470673949,1
32306,1.759950399,3.018428564,0.900690825,1.588114738,0.477368802,1
2226,2.231207132,4.422273159,1.447861279,2.291715384,0.450940162,1
26103,2.451479673,4.905991077,1.439235979,0.546402216,0.454368591,1
43251,1.991048574,3.931005239,1.640260754,0.35230425,0.436941057,1
26104,2.320939779,4.845044613,1.442532457,1.312360525,0.457711309,1
2912,1.645040631,2.558781385,0.299789397,1.798990488,0.490452468,1
5138,1.664365411,3.44867301,0.949712534,1.904711246,0.474002719,1
2355,2.18033886,3.852838278,0.934235099,2.340038538,0.474002719,1
7848,2.398280144,4.007792473,1.82893142,0.959971666,0.430131525,0
2359,1.909092307,3.881417274,1.075159492,2.570760727,0.470673949,1
27645,1.93262279,3.198786259,0.801413281,1.215956926,0.477368802,1
4505,1.406198025,2.125393867,0.230208762,1.291065931,0.490452468,1
26105,1.525382519,1.05411613,0.541398668,0.47672689,0.510292888,1
15898,1.547908902,2.417954922,0.338476677,1.208140373,0.490452468,1
4503,1.645040631,2.545203924,0.319496555,1.547282577,0.490452468,1
6410,1.645040631,2.545203924,0.319496555,1.547282577,0.490452468,1
2188,1.826967001,3.822385073,1.370227192,1.512262583,0.464188457,1
7428,1.866287708,4.231766224,1.509201894,1.145220637,0.447448283,1
1439,1.245612383,1.625651002,0.131188444,0.385258466,0.493651271,1
2564,1.559159875,2.501711845,0.420471079,1.201117516,0.487258762,1
4529,1.66789782,2.758810282,0.584048038,1.151090026,0.484023988,1
26106,1.863788128,4.201330662,1.546566927,1.150964856,0.443929225,1
32882,1.980003119,4.027728558,1.199120334,1.486423969,0.46740666,1
27643,2.306373835,4.612854481,1.428740853,0.909861982,0.460974067,1
2501,1.503422856,2.025160074,0.248468809,1.22999537,0.490452468,1
21271,1.785657167,4.284113884,1.540461366,0.412942618,0.443929225,1
45132,2.306373835,4.679274559,1.437025315,0.872951806,0.457711309,1
43735,2.202923059,4.544164658,1.444345996,0.823872447,0.457711309,1
2670,1.664734006,3.159003973,0.9918832,0.410903007,0.474002719,1
4042,1.560247183,2.355894089,0.436007433,1.201117516,0.487258762,1
2357,2.291689396,3.986315727,1.114690099,1.182343841,0.470673949,1
30098,2.110736609,4.441598415,1.480378488,0.447419018,0.450940162,1
2234,2.130919933,4.456247807,1.453902526,0.688263297,0.457711309,1
5207,1.547427893,2.206533909,0.371452893,0.966810942,0.487258762,1
48843,1.901099682,4.139319897,1.582671872,0.904724181,0.440418154,1
2164,2.228185654,4.645765305,1.462415494,0.544646204,0.454368591,1
2291,1.559159875,2.247765064,0.405328084,1.057490349,0.487258762,1
4523,1.765642047,2.73243165,0.649471753,0.751495719,0.480723023,1
2676,2.567778587,4.288069725,1.781570294,0.940962493,0.433511525,0
27652,2.320939779,4.832859039,1.461652564,0.712385237,0.454368591,1
45033,1.956673145,4.355396271,1.423180766,0.795583129,0.460974067,1
41965,2.12321806,4.702887058,1.464250577,0.920903981,0.457711309,1
2911,1.999451399,4.130598068,1.518939469,0.228217646,0.447448283,1
14227,1.999451399,4.130598068,1.518939469,0.228217646,0.447448283,1
7626,1.572048068,2.648296595,0.673260525,0.462222546,0.480723023,1
2477,1.798186541,3.050070286,0.866054033,1.192675233,0.477368802,1
2365,1.765642047,2.824915648,0.625938526,0.87202841,0.484023988,1
15634,0.992563248,1.042678237,0.081745806,0.26778537,0.500210106,1
2464,1.905490875,3.85947752,1.309909011,0.733231902,0.464188457,1
32881,1.980003119,3.708755255,1.200262515,1.451302886,0.46740666,1
4036,1.728787541,3.03241086,0.781770526,1.67514956,0.480723023,1
2487,1.80586946,3.519828081,1.230564941,0.656233728,0.46740666,1
38312,2.088888407,4.510048866,1.477001451,1.111606359,0.450940162,1
20187,1.46898067,2.403294563,0.556715912,0.410922587,0.484023988,1
2565,1.551130533,1.94997859,0.218995955,0.97652626,0.490452468,1
2178,1.420836806,1.933968425,0.246978784,0.368694156,0.490452468,1
2384,2.117248297,4.446968079,1.507589384,0.982728779,0.447448283,1
39013,1.783073187,3.819419622,1.645960392,0.795627117,0.440418154,1
45032,2.157843828,4.365187645,1.431086751,0.704447925,0.460974067,1
4576,1.573696375,3.080528259,0.840290413,1.227280021,0.477368802,1
2181,1.482000589,1.965237141,0.289564483,0.505897164,0.490452468,1
32308,1.652967095,3.199094772,0.926413428,1.160145164,0.477368802,1
4511,1.607612371,3.072031736,0.900639696,0.501874864,0.477368802,1
34765,2.088888407,4.568982124,1.482553074,1.111606359,0.450940162,1
48213,2.005857468,3.87929821,1.130429589,1.392973423,0.470673949,1
2197,1.744543433,3.757357121,1.269934747,0.914810836,0.46740666,1
27613,2.062307596,4.43678236,1.500054211,0.808537841,0.450940162,1
31336,2.102434397,4.408658981,1.440628828,0.746329784,0.460974067,1
4045,1.487034082,1.917945504,0.154356149,0.870255113,0.493651271,1
2289,1.652967095,3.178920984,0.935761898,1.160145164,0.477368802,1
4521,1.652967095,3.324027061,0.941016721,1.160145164,0.477368802,1
5206,1.532959342,1.937936068,0.187736534,0.934828877,0.493651271,1
2488,1.66289258,3.534242392,1.181665313,1.728311539,0.470673949,1
2251,1.684576273,3.717500448,1.306737193,0.251980364,0.464188457,1
31371,1.581387639,3.069506645,1.019240662,0.568037271,0.474002719,1
26107,1.957711935,4.337596893,1.57636131,1.025168419,0.443929225,1
4043,1.918595314,2.202794313,0.412450517,2.146446705,0.487258762,1
2367,1.918595314,2.170633793,0.433622153,0.985306442,0.487258762,1
1440,1.584102273,2.217022181,0.446216049,0.985306442,0.487258762,1
2183,1.45249474,2.421199083,0.574874577,1.219873548,0.484023988,1
2354,1.535803199,3.132538319,1.03280089,0.495749921,0.474002719,1
2656,1.733814001,3.908446312,1.595184962,0.913987339,0.443929225,1
14070,1.665906549,2.490639448,0.478794538,0.843797803,0.487258762,1
21330,2.136972904,3.783143044,1.872090844,1.081003308,0.430131525,0
2482,1.566389918,3.160641909,1.053876175,0.29584837,0.474002719,1
6432,1.800350428,2.548897743,0.378418924,2.852086782,0.487258762,1
41966,2.351529598,4.708059788,1.487643398,0.360334426,0.457711309,1
4574,1.800350428,2.672144413,0.398088027,4.190302372,0.487258762,1
26108,2.149626017,4.550330639,1.476376844,0.261742204,0.457711309,1
2373,1.420836806,2.04840064,0.27051856,0.49251464,0.490452468,1
18886,1.800350428,2.548897743,0.380557025,2.852086782,0.487258762,1
34764,2.178598881,4.637956142,1.493961164,0.691422343,0.450940162,1
32763,1.569207191,2.452372313,0.339073137,1.941324592,0.490452468,1
15087,1.482000589,2.147362471,0.28619597,0.595597923,0.490452468,1
2674,2.005857468,3.752017736,1.133742495,1.797026992,0.470673949,1
10849,2.095758438,4.555049419,1.473709856,0.259034991,0.457711309,1
2366,1.53182137,2.678245306,0.700826081,0.971162975,0.480723023,1
2290,1.46898067,2.534608603,0.562297462,1.509695411,0.484023988,1
10774,2.053928375,4.340063095,1.466266509,0.283111393,0.460974067,1
8043,1.744543433,3.588077068,1.278658368,0.549507916,0.46740666,1
2174,1.626543999,3.391147375,1.21792411,1.15996778,0.46740666,1
20329,1.543334603,0.973870277,0.55424657,0.587474704,0.510292888,1
28571,2.024365902,4.283668518,1.496945678,1.134771228,0.454368591,1
39014,1.783073187,3.830494881,1.667872073,0.690417051,0.440418154,0
4046,1.889711738,3.390579462,1.089021806,1.000152826,0.470673949,1
13934,1.976675391,3.746301651,1.721841283,0.187431842,0.436941057,0
51025,2.117248297,4.494600296,1.533417877,0.867616236,0.447448283,1
31337,2.157843828,4.401436806,1.452879947,0.294019818,0.460974067,1
51024,2.117248297,4.461066723,1.533611073,0.867616236,0.447448283,1
4527,1.45249474,2.634364843,0.578680305,1.219873548,0.484023988,1
8289,1.020934224,0.974258184,0.129407716,0.482838452,0.500210106,1
39012,1.783073187,3.807328224,1.667204756,0.835999131,0.440418154,1
10585,1.527044654,2.866050959,0.651621457,2.689940453,0.484023988,1
32784,1.665906549,3.133302212,0.507570822,2.353466511,0.487258762,1
32841,1.524169207,2.870613098,0.679988735,2.486839533,0.480723023,1
4509,1.527044654,2.90439558,0.640836858,2.628278971,0.484023988,1
2632,1.534832239,3.722803831,1.66004989,0.706894636,0.440418154,1
10846,2.033551216,4.44396162,1.506082155,1.405475259,0.454368591,1
15267,1.704155922,3.002110243,0.989169602,0.113424353,0.474002719,1
4533,1.966751337,3.067365408,0.78503499,1.836103797,0.480723023,1
2559,1.997969508,3.63336277,1.230737219,1.665335417,0.46740666,1
2177,1.761698723,3.049335003,1.00625196,0.507006407,0.474002719,1
28570,2.006791592,4.289897442,1.509677968,0.826333463,0.454368591,1
51785,2.124983549,3.056891441,0.737139677,2.188005686,0.480723023,1
13933,2.16812253,4.470839024,1.576410379,0.158979341,0.443929225,1
4516,2.124983549,3.070001364,0.768007299,2.222893953,0.480723023,1
26109,1.790881634,3.82538414,1.348634352,0.262668043,0.464188457,1
32762,1.633027792,2.4483459,0.34449859,1.772464514,0.490452468,1
4514,1.654996276,2.920034885,0.857972014,0.505974531,0.477368802,1
32761,1.929824829,2.867666721,0.359718752,1.772464514,0.490452468,1
4519,1.633027792,2.283685207,0.327437514,1.230260372,0.490452468,1
4083,1.639251471,2.178598642,0.228144803,0.60200125,0.490452468,1
26110,2.172184706,4.488975048,1.515307662,0.816936314,0.454368591,1
14412,1.907688379,3.154788017,0.957959969,2.103697777,0.477368802,1
32852,2.242770672,4.489085674,1.480933985,0.792235076,0.460974067,1
2358,1.704155922,3.115497589,0.984119172,0.921360373,0.474002719,1
32842,2.080393791,3.011099815,0.696000182,1.922529459,0.480723023,1
2635,1.535120487,3.693243742,1.662488814,0.198075861,0.440418154,1
2353,1.704155922,3.097586393,0.991153409,0.921360373,0.474002719,1
46035,1.654893875,3.696799517,1.37109525,0.786062419,0.464188457,1
43235,1.706513166,3.373799086,1.148010918,0.800280392,0.470673949,1
32851,2.242770672,4.495346069,1.480177053,0.767300963,0.460974067,1
39570,2.217298746,4.681271553,1.515936814,2.797089577,0.457711309,1
2715,1.761698723,3.313662529,1.016957048,1.513175011,0.474002719,1
4556,1.888136864,3.516465664,1.02619122,1.73832643,0.474002719,1
4047,1.879440427,3.417188644,1.05140312,2.958950758,0.474002719,1
32785,2.106029272,3.00505352,0.515643877,0.613732517,0.487258762,1
38999,1.545690775,2.136272907,0.275374325,0.374523997,0.490452468,1
26111,2.078446865,4.348635197,1.567086402,0.960077822,0.447448283,1
26112,2.006791592,4.464922905,1.524858625,0.477821499,0.454368591,1
26113,2.317032814,4.675690651,1.514577183,2.003341675,0.457711309,1
15632,1.533980489,1.192960382,0.357418036,0.089817576,0.506952822,0
168,1.146491885,1.011820316,0.21035096,0.448030829,0.503573716,1
10142,1.923089623,3.746728897,1.080591238,3.264316559,0.474002719,1
26114,2.033551216,4.436483383,1.528457117,0.143236533,0.454368591,1
41519,2.143293858,4.507369518,1.564977832,0.303140163,0.447448283,1
3934,1.997969508,3.756880522,1.244039385,0.802669406,0.46740666,1
10533,1.901988029,3.706921101,1.124295765,3.631878376,0.470673949,1
2191,1.759427428,3.777813196,1.32782747,0.452109814,0.46740666,1
32843,2.080393791,3.278405905,0.698954071,1.286599159,0.480723023,1
21177,1.774914742,3.860968828,1.714031253,0.756570458,0.436941057,0
2225,2.001803398,4.263373852,1.548593401,2.296248436,0.450940162,1
4524,2.327483654,3.459783077,0.62242707,1.711400509,0.484023988,1
26115,1.790881634,3.870120287,1.357283906,0.669188619,0.464188457,1
4531,2.381107092,3.532704353,0.681552007,1.365255475,0.480723023,1
5074,1.956123233,3.07878685,0.49265433,0.643233955,0.487258762,1
51786,2.019773483,3.24183917,0.746366465,0.865348458,0.480723023,1
32821,1.956123233,2.898689747,0.511261204,0.747951269,0.487258762,1
32853,2.234174013,4.650000095,1.506421622,0.234571725,0.460974067,1
7443,2.328143597,3.575404167,0.931150584,2.603847027,0.477368802,1
2492,2.328892708,3.135613441,0.475226309,1.062621355,0.487258762,1
4585,1.576851606,2.124974012,0.320764701,0.398210734,0.490452468,1
5067,2.328143597,3.179796219,0.912381037,2.086925507,0.477368802,1
26116,2.126871824,4.555450916,1.58118207,0.407394975,0.447448283,1
32854,2.335277557,4.624752522,1.507323131,0.249833912,0.460974067,1
26117,1.931195498,4.41424799,1.547899406,0.742843568,0.454368591,1
19189,1.852568388,3.22728014,0.873527186,1.351119637,0.477368802,1
32336,1.824579597,3.710357428,1.232229602,0.799494028,0.46740666,1
15641,1.207145929,1.541414499,0.042546841,2.143171072,0.500210106,1
19749,2.118326902,4.473288059,1.551474804,1.146181345,0.454368591,1
1438,1.842726231,2.978815079,0.844863433,0.907145202,0.477368802,1
10384,2.384621143,3.606902599,1.138606184,3.419480801,0.470673949,1
5208,2.027099848,2.833440065,0.53037001,0.282842487,0.484023988,1
3661,2.066567183,4.259115696,1.55613266,1.401958585,0.454368591,1
33228,2.328143597,3.896155357,0.94493934,1.456688166,0.477368802,1
43234,2.287533045,3.94785285,1.175235481,2.153306723,0.470673949,1
40351,2.009175301,3.373993635,0.995500262,3.215982676,0.474002719,1
32844,2.32900095,3.610270739,0.69650808,0.790920615,0.480723023,1
32849,2.134135485,4.370425701,1.479357911,0.755266905,0.460974067,1
5102,1.824579597,3.443688869,1.24177947,0.799494028,0.46740666,1
32848,2.207345009,4.372376919,1.494553387,0.393315881,0.460974067,1
5494,1.865384579,4.040398598,1.558225275,0.948697329,0.454368591,1
37200,2.60938859,5.047506332,1.57554087,4.252749443,0.450940162,1
42833,1.681356192,3.926614046,1.433504312,1.205166578,0.464188457,1
5107,2.40261364,3.792430401,0.978257847,2.088096619,0.474002719,1
28783,2.384621143,3.845179796,1.143714343,3.419480801,0.470673949,1
42857,1.828616858,3.88430047,1.72190386,0.659496605,0.440418154,0
2511,1.623923302,3.629087687,1.405393042,0.620052993,0.464188457,1
4330,2.134135485,4.274183273,1.471930453,0.986489952,0.464188457,1
17229,1.568473101,3.684918165,1.675383434,0.187986746,0.443929225,1
10861,2.73354578,4.048890591,1.129143262,2.574658394,0.470673949,1
28784,2.73354578,4.020702839,1.13034767,2.704218864,0.470673949,1
30089,2.066026926,4.411732197,1.571946219,2.354786873,0.457711309,1
2375,1.918598413,4.355002403,1.632707208,1.020483851,0.443929225,1
18583,2.008337498,2.6810534,0.391102211,3.122404099,0.487258762,1
2937,2.423064232,3.486063242,0.646358668,0.382118374,0.484023988,1
2352,2.338948488,3.494050026,1.036779417,1.734791756,0.474002719,1
9716,1.916034818,3.263293266,0.731654731,1.334657073,0.480723023,1
9703,1.90297389,4.290802956,1.574192741,0.953565061,0.454368591,1
26118,1.91761446,4.329483032,1.487110781,1.265548825,0.460974067,1
37199,2.412911654,5.921841621,1.590387681,4.995892525,0.450940162,1
17593,1.877238989,3.696068764,1.318623352,0.254051685,0.46740666,1
4041,2.110253334,3.190631866,0.612331594,2.026724339,0.484023988,1
32850,1.990917683,4.195521832,1.506334067,1.127203584,0.460974067,1
32335,1.908144593,3.635246515,1.254737095,0.631142795,0.46740666,1
17501,2.06821394,4.230904579,1.58174014,2.054287434,0.454368591,1
2199,1.837493181,2.18139267,0.172728074,0.646459639,0.493651271,1
17868,2.283283234,3.570988178,0.871922857,1.624622464,0.477368802,1
5493,2.012494326,4.323999405,1.593533546,1.766564608,0.450940162,1
17869,2.396513224,3.59875083,0.899670165,1.669739127,0.477368802,0
20209,2.423064232,3.424803495,0.63604241,2.320124865,0.484023988,1
18581,2.008337498,2.731014013,0.385704579,2.016310215,0.487258762,1
2449,2.081246138,4.201388836,1.640617478,0.667442858,0.447448283,1
2223,1.963084698,4.15180254,1.609324264,3.294366121,0.450940162,1
26119,1.837493181,2.254788399,0.149475445,0.593408585,0.493651271,1
17592,1.877238989,3.665573835,1.31182473,0.317541212,0.46740666,1
17223,1.82727313,3.735317707,1.350499739,0.497092009,0.46740666,1
19186,1.768562794,2.23020792,0.228149271,0.157505542,0.493651271,1
30522,1.285856009,3.563143492,1.574222603,0.135381788,0.457711309,1
26120,1.911321163,3.86430788,1.461172325,0.631160736,0.464188457,1
5143,2.008337498,2.732563257,0.379922719,2.473078728,0.490452468,1
17233,2.36140871,3.805112123,1.884646737,0.50430274,0.43585819,0
22374,1.963084698,4.383897781,1.616447269,3.294366121,0.453324407,1
27644,2.073227406,3.50977993,1.145779838,0.924299538,0.4733015,1
26121,1.983692646,3.624992132,1.191918099,1.28219378,0.4733015,1
17409,2.795027018,3.684082508,0.417330238,3.127825737,0.490235448,1
48804,1.973019004,3.065740108,0.535578382,1.191475868,0.490235448,1
26122,1.781198144,3.88326335,1.436977092,0.549083173,0.466532886,1
2506,1.918691278,2.822155952,0.357862084,3.042380571,0.493217856,1
32593,2.027707577,2.813290596,0.295432633,0.573275983,0.493217856,1
22375,3.096913576,4.508089542,1.622349239,4.171040535,0.453324407,1
23454,1.936403155,2.745733976,0.270930948,1.363847852,0.493217856,1
4051,1.983692646,3.907115459,1.209634717,1.500900388,0.4733015,1
18579,2.65950942,3.105529785,0.412029888,3.334706783,0.490235448,1
30529,1.742125034,3.797671318,1.492268032,0.803230584,0.466532886,1
2503,2.109563351,3.091130733,0.539526973,0.799330711,0.490235448,1
2376,1.833737135,3.902321577,1.678753278,1.193767071,0.446352661,1
34763,1.832175255,4.412250519,1.610385394,1.587200284,0.456709951,1
7437,2.82115531,3.866174459,0.811326727,1.281825423,0.483829737,0
26123,1.947701454,3.86444211,1.213216944,1.241932988,0.4733015,1
32780,2.005478144,2.842451572,0.316342485,0.483795196,0.493217856,1
3762,2.109563351,2.454420328,0.514992376,1.186474562,0.490235448,1
22304,2.105519056,4.475965023,1.632723227,2.3386271,0.453324407,1
17408,3.017706633,3.736978292,0.427672753,1.01591742,0.490235448,1
21302,2.100184202,4.279497147,1.66691761,0.535020471,0.449862987,1
2451,2.100184202,4.333844662,1.663464273,0.535020471,0.449862987,1
2372,2.366166115,2.809067965,0.335527948,2.129820108,0.493217856,1
34762,1.832175255,4.098946571,1.618003295,1.739155293,0.456709951,1
30528,1.74930954,3.809407473,1.480411717,0.709455311,0.466532886,1
37104,2.238673449,4.693578243,1.620627756,1.165640235,0.456709951,1
2356,2.602959156,3.535797834,0.668970844,1.157721758,0.487123311,1
51774,1.813682556,2.387367964,0.250865014,1.21499753,0.493217856,1
22385,2.199137688,3.514057159,0.953302075,0.569839776,0.480372936,0
3993,1.739741921,2.099132061,0.165671865,1.574277163,0.496165693,1
22305,2.105519056,4.253906727,1.643625193,1.201011062,0.453324407,1
2231,1.680318594,3.941794634,1.624734264,0.513000548,0.456709951,1
32779,2.366166115,2.912505865,0.330999031,2.129820108,0.493217856,1
21221,1.846611738,3.477560997,1.836864987,1.108081222,0.439322859,0
17594,1.821179867,3.717340469,1.358725306,0.529637992,0.469862729,1
37571,2.12209034,3.0615592,0.569897542,0.671632469,0.487123311,1
37105,2.348582506,4.647483349,1.636713082,1.188435912,0.456709951,1
33832,2.375729322,4.625168324,1.571325588,1.905726552,0.463271707,1
28535,1.832175255,4.340943336,1.636005236,1.657794833,0.456709951,1
2450,2.012915134,4.22232008,1.693346745,0.969045877,0.446352661,1
22303,2.450235605,4.388131618,1.653450255,2.34241581,0.453324407,1
2179,1.813682556,2.204913139,0.238062516,0.410688609,0.496165693,1
32836,1.911778808,2.923945665,0.705861436,1.684776306,0.483829737,1
5072,2.22031641,2.95827055,0.628233059,3.05823493,0.487123311,1
16967,2.199137688,3.53255105,0.958042875,0.378492206,0.480372936,1
2222,1.872044563,3.987175226,1.665771678,0.074008346,0.449862987,1
32840,2.553284645,3.363903761,0.678651702,2.949583292,0.487123311,1
6427,1.95976758,2.711061716,0.332608066,2.322347164,0.493217856,1
32839,2.036733866,3.128738165,0.690383047,2.949583292,0.487123311,1
32783,2.222418785,3.00967288,0.771491803,4.977583408,0.483829737,1
11131,1.83212316,2.555330753,0.288340402,1.062361002,0.493217856,1
28534,2.165417194,4.412448406,1.6479275,0.946839154,0.456709951,1
54304,2.03346014,4.267300129,1.656892531,2.146668911,0.453324407,1
33833,2.365046501,4.529218197,1.609888677,1.403846383,0.463271707,0
17596,1.944703102,3.731651783,1.348709384,0.487246931,0.469862729,0
165,1.541657805,1.082347035,0.419803764,0.055331592,0.5089674,0
2232,1.648254395,3.772849798,1.650213205,0.480333805,0.456709951,1
22384,2.222418785,3.256279945,0.773923793,4.977583408,0.483829737,1
10587,2.136207104,3.103154182,0.548833104,0.789226949,0.490235448,1
37570,2.119504213,3.087253332,0.568460319,0.711443722,0.487123311,1
7438,1.83212316,2.364352703,0.270577406,0.7709288,0.493217856,1
32835,2.036733866,2.947350979,0.714805581,0.984736741,0.483829737,1
5209,3.963773727,5.429795265,0.806536868,2.164376974,0.483829737,0
2184,1.851171255,2.380354404,0.309502001,0.239358231,0.493217856,1
2180,1.851171255,2.445787907,0.328465863,0.311728358,0.493217856,1
7623,2.315038681,3.417041063,0.652758328,2.697162151,0.487123311,1
17235,1.550920367,3.380769968,1.801663599,0.231486186,0.442828417,0
32834,2.036733866,3.028458834,0.706982612,0.984736741,0.487123311,0
32838,2.036733866,3.142694473,0.693828362,2.283531666,0.487123311,0
32837,2.553284645,3.322059393,0.68222616,2.383716583,0.487123311,0
6429,2.036733866,3.010160923,0.710759407,0.984736741,0.483829737,0
16966,2.204344749,3.332638979,0.981105418,1.253996134,0.480372936,1
8020,1.957746983,3.483217001,1.181148593,0.325011104,0.4733015,1
32782,2.222418785,3.407652617,0.764951013,2.180283785,0.483829737,0
21204,2.240515947,3.681548119,0.910560971,1.799946308,0.480372936,0
16641,2.218302727,2.809546471,0.522909512,1.599474788,0.490235448,1
26124,1.908057928,4.143675327,1.692637498,0.91335541,0.449862987,1
10852,1.945784092,4.160301685,1.684219208,0.932883978,0.453324407,1
54303,2.03346014,4.218781948,1.679830766,1.533747792,0.453324407,1
2186,2.085767746,2.469947577,0.376210846,1.940535665,0.493217856,1
2500,2.136207104,2.82887578,0.551255669,1.546674609,0.490235448,1
2369,2.119504213,2.885015249,0.581959784,0.738642633,0.487123311,1
37094,1.82133007,4.36731863,1.673812775,1.69942081,0.456709951,1
22386,2.793122053,4.1567626,0.82663094,4.496592045,0.483829737,0
25113,1.956697822,3.591987371,1.228314201,0.262629449,0.4733015,0
3935,1.82133007,3.881509781,1.675193324,1.524941087,0.456709951,1
26125,2.011687517,4.16268158,1.693772884,0.513338804,0.453324407,1
2185,2.409976006,2.657953739,0.428394788,2.377629519,0.490235448,1
37956,1.682626724,4.126758099,1.675251489,0.929582894,0.456709951,1
54302,1.912122011,4.211243629,1.686097425,2.076497555,0.453324407,1
12290,1.909419894,3.256349564,1.00358054,0.393654823,0.480372936,1
4074,2.295345306,3.459018946,0.760036944,2.180283785,0.483829737,0
3759,2.295345306,3.444906712,0.759985214,2.180283785,0.483829737,0
4038,1.856928587,2.397269964,0.300357581,0.597518861,0.493217856,1
32781,2.965588093,3.677353382,0.775546091,4.776200771,0.483829737,0
51753,1.900088072,4.178217888,1.682849072,0.609423578,0.456709951,1
21181,2.048028708,3.776172638,1.342229886,0.300693721,0.469862729,0
4080,1.87614727,2.482154846,0.353331599,0.159984842,0.493217856,1
8019,2.223850012,2.872735262,0.507915653,0.100362383,0.490235448,1
2499,2.152851343,3.031834841,0.663267164,1.126312852,0.487123311,0
43468,1.97143507,3.530676603,1.186167742,0.651092172,0.4733015,1
4059,1.94055593,2.542159319,0.340935162,0.390470505,0.493217856,1
2176,1.764055729,2.276619673,0.253094834,0.15813297,0.496165693,1
4039,2.277164936,2.910998344,0.486743005,0.153689027,0.490235448,1
10920,2.409976006,2.970825911,0.414931537,1.793514013,0.493217856,1
2368,2.387793064,3.169070244,0.710196503,3.022846937,0.487123311,0
32777,2.223850012,3.030544043,0.506550768,0.100362383,0.490235448,1
162,1.660259485,1.359605432,0.650027427,0.238555327,0.518875122,1
34748,1.757635593,4.22848177,1.69297741,1.69942081,0.456709951,1
34749,2.103505135,4.280750751,1.694184556,1.69942081,0.456709951,1
4792,2.223850012,2.990597725,0.525416243,2.593246937,0.490235448,1
9245,2.18969059,3.155012846,0.614078416,1.494053125,0.487123311,0
10772,2.043803692,4.095125675,1.76403595,0.109033525,0.446352661,0
2364,2.385948658,3.703909636,0.54512769,2.593246937,0.490235448,1
4339,2.18969059,3.26075387,0.637644037,1.427626371,0.487123311,0
34747,1.757635593,4.123454094,1.702443847,1.610260487,0.456709951,1
39965,1.619410872,1.826727867,0.194982532,1.033182621,0.496165693,1
21197,2.064827919,3.399947405,1.124522454,2.887567282,0.476829827,1
8291,1.639257073,1.264667988,0.667795171,0.856776059,0.518875122,1
34750,2.103505135,4.272666454,1.707435179,1.306061625,0.456709951,1
4341,2.385948658,3.697539568,0.567093937,3.351920843,0.490235448,0
24329,1.819583416,3.675415754,1.805308945,0.698218286,0.446352661,0
32778,2.461466312,3.227547646,0.525453844,0.736699402,0.490235448,1
38305,2.277158737,2.982583284,0.418821854,2.406809092,0.493217856,1
5103,1.727013946,2.183877468,0.322409667,0.919654667,0.493217856,1
2292,2.199635983,3.22119832,0.761478215,2.026782036,0.483829737,0
45034,2.953430653,3.946182728,0.732475742,3.012806654,0.483829737,0
2504,2.679002523,3.709883928,0.591425036,1.52892828,0.487123311,0
17254,1.668394446,3.512450933,1.463338308,0.157517478,0.466532886,1
43469,2.080981255,3.606569767,1.202299874,0.970207453,0.4733015,1
30523,1.344926596,3.632479429,1.71916306,0.155195102,0.460015416,0
4082,1.765710831,2.196099758,0.270228426,0.229525298,0.496165693,1
44025,1.905736089,3.162131786,1.271336797,0.763324916,0.4733015,0
33831,2.221396446,4.210557461,1.700617287,2.615831375,0.460015416,0
54884,2.223715067,3.376828671,0.879671892,0.949237704,0.483829737,0
2935,1.771938682,2.398175478,0.384845576,0.972776294,0.493217856,1
54885,2.223715067,3.387822866,0.886150655,0.734154642,0.480372936,0
2233,1.671671391,3.608723164,1.729393664,0.608684003,0.456709951,0
18500,2.427589417,3.205371618,0.695176115,3.694997311,0.487123311,0
45035,2.953430653,3.99064827,0.722751242,0.980064809,0.487123311,0
25168,1.970898151,4.236569405,1.735247443,1.314453363,0.453324407,1
4625,1.765710831,2.246183634,0.285353414,0.229525298,0.496165693,1
21340,1.865831137,3.853790045,1.766908581,1.152444839,0.449862987,0
4077,1.727013946,2.301345825,0.348140158,0.63251096,0.493217856,1
33834,2.544564724,4.402842522,1.679572543,0.531799018,0.463271707,0
33830,2.408834934,4.481244087,1.687515245,0.531799018,0.463271707,0
15772,1.436168551,1.66197753,0.055705409,0.518973589,0.499178886,1
50237,2.079343796,4.151937008,1.745026414,0.700952411,0.453324407,0
30092,1.780010462,4.085238934,1.742886996,0.191665187,0.456709951,0
54883,2.006655693,3.176414728,0.898155342,1.050589919,0.480372936,0
21198,1.856398582,3.207028627,1.025437318,0.325453162,0.480372936,1
2483,1.509968758,3.489351511,1.747922697,1.692315221,0.456709951,0
5019,2.23598361,2.959810019,0.464385965,0.986184895,0.490235448,1
37354,1.377467513,1.743592858,0.160702174,0.979250848,0.496165693,1
33835,2.156402111,4.260822773,1.660887055,2.884429932,0.463271707,1
37353,1.451781869,1.837702274,0.189960136,0.646848321,0.499190688,1
15075,1.634101748,2.005141258,0.239670631,0.987899005,0.499190688,1
11145,2.23598361,2.91397047,0.486058889,0.205039978,0.493945956,1
15642,1.088380337,0.877288699,0.220571798,0.25410217,0.507724881,1
39964,1.634101748,2.005141258,0.24112972,0.987899005,0.499190688,1
37352,1.488564253,2.011326075,0.235759054,0.658813834,0.499190688,1
4628,2.444740295,3.427713633,0.618407699,1.190574646,0.49100247,0
17256,1.931902409,3.755290985,1.83205457,0.271834046,0.448711514,0
35047,1.511126041,1.890524626,0.241938888,0.386851579,0.499190688,1
35086,1.511126041,1.878204703,0.22184645,0.610027373,0.499190688,1
1461,1.629554033,3.716739655,1.629496624,2.634634495,0.465604633,1
17803,1.600870609,2.075623274,0.169842923,0.861723006,0.499190688,1
12268,1.597773552,2.1165061,0.316133159,0.087144345,0.496623069,1
12269,1.624624014,2.134181738,0.298344339,0.312169045,0.499190688,1
159,1.043427229,1.044337153,0.721672386,0.58861047,0.527256608,1
19886,1.511126041,1.966023207,0.248064174,0.337682724,0.499190688,1
21209,1.88902092,2.977939844,0.889557654,0.88642478,0.487708479,0
19868,1.511126041,1.958746552,0.219511318,0.610027373,0.499190688,1
17241,2.032395363,3.860157967,1.850456192,2.024902821,0.452194542,0
51797,1.570053101,2.010683298,0.186369356,0.7037642,0.499190688,1
169,1.757144928,1.980619788,0.026037469,0.618642032,0.50465095,1
21336,2.013907194,3.999811411,1.836067734,0.491510689,0.455615431,0
48880,2.358731985,2.878144026,0.417065481,0.987149239,0.496623069,1
48960,1.559831262,1.907341361,0.206809164,0.704662681,0.499190688,1
15630,1.461325169,1.181023121,0.635652334,0.698842824,0.524168611,1
21185,1.936321497,3.48716712,1.42138286,0.286424518,0.47262153,0
21192,1.853482842,2.671260834,0.723646619,0.473452777,0.49100247,1
42733,1.867793798,3.966975689,1.791722667,0.188440919,0.462275952,0
48882,2.095934868,2.896720886,0.392302149,1.655919671,0.496623069,0
48959,1.559831262,1.929501891,0.215744935,0.06094604,0.499190688,1
48883,2.263991833,3.185125113,0.428911821,0.851385772,0.496623069,0
15232,1.835081339,2.711778164,0.520468213,1.260332942,0.493945956,0
1459,1.483709812,3.660796642,1.848740001,0.726246893,0.462275952,0
21189,1.920239091,3.566917181,1.331903545,1.93461895,0.476388037,0
2200,1.468014717,1.881479263,0.194666993,0.189697295,0.499190688,0
48884,1.485904455,1.924196601,0.216023188,0.06094604,0.499190688,0
48881,2.263991833,2.858770847,0.401949554,2.252590656,0.496623069,0
15638,1.509374142,1.018702626,0.341520728,0.773092151,0.51437825,1
21217,1.694650173,2.450663567,0.583602999,0.136659354,0.493945956,0
156,1.098546505,1.62751615,0.671947382,2.425074577,0.533670902,0
17227,1.635428548,2.296871185,0.358795405,0.821050584,0.496623069,0
166,1.410626888,0.965601683,0.250391486,0.174456656,0.511003613,1
185,1.602528811,1.891476035,0.669738857,2.79232955,0.533670902,0
15624,2.194835186,2.28722167,0.610910206,1.217135549,0.527256608,1
8290,1.745279431,2.050764561,0.654992063,2.625063419,0.533670902,0
2071,1.950391769,-3.40282E+22,2.80444924,0,0.414977789,0
2121,1.950391769,-3.40282E+22,2.804913959,0,0.414977789,0
21195,1.734421968,2.168433666,0.422078571,1.505833507,0.496623069,0
32832,1.527414918,1.900494576,0.207909905,0.405495852,0.502852082,0
32833,1.556928396,2.018544674,0.188733483,0.668277979,0.50500536,0
8021,1.62804544,3.282917976,1.790684475,0.590316117,0.468059957,0
2129,2.095567942,-3.40282E+22,2.650067113,0,0.423620701,0
2080,2.095567942,-3.40282E+22,2.650620587,0,0.423620701,0
26126,1.585698366,1.862908363,0.189609201,0.545672715,0.50500536,0
32831,1.585698366,1.968850851,0.21247588,0.22977221,0.50500536,0
32828,1.582697749,1.982846975,0.187064534,0.182009444,0.50500536,0
26127,1.535537362,1.952207565,0.236453978,0.556948304,0.502852082,0
32827,1.582697749,2.026370049,0.210747825,0.306397289,0.50500536,0
11167,1.58219552,1.962248445,0.273601045,1.404929876,0.502852082,0
32830,1.535537362,2.031515598,0.230143429,0.556948304,0.502852082,0
175,1.5267663,2.070939779,0.603619673,0.215396672,0.539926231,0
32829,1.582697749,1.993025541,0.204464134,0.477317244,0.50500536,0
155,1.406614304,2.024735212,0.608102337,0.215174854,0.539926231,0
32826,1.582697749,1.975410581,0.219356566,0.609018922,0.50500536,0
27988,1.467198014,1.330796719,0.10542632,0.319923222,0.51328063,1
24540,1.467198014,1.330796719,0.104749244,0.319923222,0.51328063,1
21579,1.467198014,1.278030038,0.104012259,0.319923222,0.51328063,1
54881,4.698153973,7.573235035,2.032795999,9.553729057,0.457836717,0
27989,1.467198014,1.330796719,0.105765857,0.319923222,0.51328063,1
24009,1.467198014,1.278030038,0.103461488,0.319923222,0.51328063,1
24541,1.467198014,1.330796719,0.104784843,0.319923222,0.51328063,1
30936,1.307797074,1.7559762,0.196413208,1.023355722,0.50500536,0
32694,1.467198014,1.330796719,0.102713229,0.319923222,0.51328063,1
24010,1.467198014,1.330796719,0.103248491,0.143596575,0.51328063,1
24542,1.467198014,1.330796719,0.104737134,0.143596575,0.51328063,1
32693,1.467198014,1.330796719,0.102427411,0.143596575,0.51328063,1
24011,1.467198014,1.330796719,0.103060983,0.143596575,0.51328063,1
24543,1.467198014,1.336951256,0.104861169,0.143596575,0.51328063,1
21580,1.467198014,1.336951256,0.103964513,0.019490242,0.51328063,1
24012,1.467198014,1.32406342,0.102640088,0.143596575,0.51328063,1
15773,1.07231009,1.289280176,0.042824227,0.669329405,0.507408977,0
15627,2.082004786,2.451740265,0.52360567,0.430040687,0.536244333,0
157,2.234225988,2.270475626,0.477423041,0.887810707,0.532875776,1
30935,1.39501071,1.753648639,0.218721411,0.48326233,0.50500536,0
54530,4.932720184,7.635148048,2.04760657,2.671298027,0.457836717,0
29004,1.561431408,1.283583045,0.087830182,0.246041879,0.51328063,1
29006,1.561431408,1.283583045,0.086293767,0.246041879,0.51328063,1
25092,1.561431408,1.283583045,0.08522894,0.246041879,0.51328063,1
25091,1.561431408,1.283583045,0.083511859,0.246041879,0.51328063,1
29005,1.397046328,1.26375103,0.081022703,0.246041879,0.51328063,1
24535,1.478375435,1.288868785,0.083245518,0.246041879,0.51328063,1
24534,1.478375435,1.288868785,0.081087718,0.246041879,0.51328063,1
43780,1.150500059,1.463196278,0.127387892,0.333335519,0.50500536,0
29007,1.478375435,1.288868785,0.07884269,0.246041879,0.51328063,1
23845,1.478375435,1.288868785,0.079152316,0.246041879,0.51328063,1
25089,1.397046328,1.305830002,0.07276981,0.246041879,0.51328063,1
24533,1.478375435,1.31178689,0.072777716,0.401846826,0.51328063,1
25087,1.397046328,1.295915008,0.066261388,0.239331782,0.51328063,1
43777,1.199971676,1.48200798,0.144266907,0.673770249,0.50500536,0
23841,1.397046328,1.314190149,0.066749801,0.401846826,0.51328063,1
24532,1.397046328,1.314190149,0.066018827,0.401846826,0.51328063,1
29009,1.397046328,1.330641747,0.046588771,0.604013443,0.515968025,0
21577,1.397046328,1.330641747,0.045131604,0.604013443,0.515968025,0
24536,1.397046328,1.330641747,0.045808316,0.604013443,0.515968025,0
29010,1.397046328,1.357527614,0.047347958,0.604013443,0.515968025,0
24537,1.397046328,1.357527614,0.046280573,0.604013443,0.515968025,0
25096,1.397046328,1.330641747,0.044523882,0.604013443,0.515968025,0
8097,2.556387901,3.245588303,2.378770635,1.489485145,0.439261079,0
24538,1.203455329,1.386256099,0.046463521,0.604013443,0.515968025,0
25097,1.203455329,1.386256099,0.04464253,0.604013443,0.515968025,0
29012,1.203455329,1.357260823,0.043808587,0.604013443,0.515968025,0
24539,1.203455329,1.321060061,0.046983443,0.604013443,0.515968025,0
29011,1.203455329,1.386256099,0.043672349,0.604013443,0.515968025,0
25098,1.203455329,1.386256099,0.044581611,0.604013443,0.515968025,0
15640,1.523772717,1.136600971,0.032859662,1.400967836,0.515968025,0
21578,1.203455329,1.321060061,0.045851692,0.604013443,0.515968025,0
25099,1.203455329,1.386256099,0.044549885,0.604013443,0.515968025,0
28691,1.295859337,1.164982796,0.051714914,0.943879664,0.515968025,0
28678,1.526877999,1.138178349,0.06076584,0.456097752,0.515968025,0
11169,1.316730022,1.710117221,0.234273894,0.623473406,0.508719504,0
25107,1.840027332,2.277766705,0.481773251,0.184837401,0.542981029,0
28694,1.616156459,0.999352634,0.073616036,1.579962373,0.515968025,0
21525,1.526877999,1.189206004,0.059631727,0.823648453,0.515968025,0
28690,1.295859337,1.084511399,0.02908443,0.157801419,0.515968025,0
50902,1.244506836,1.52118969,0.136820584,0.097995065,0.510675371,0
21506,1.526877999,1.141316295,0.042674321,0.299796849,0.515968025,0
50901,1.298122764,1.661697626,0.156107147,0.3624686,0.510675371,0
28693,1.418289185,1.184018612,0.045640337,0.647657871,0.515968025,0
29013,1.418365121,1.077393055,0.060523959,1.198897839,0.515968025,0
24546,1.418365121,1.082621574,0.06024515,1.198897839,0.515968025,0
25101,1.418365121,1.082621574,0.058658998,1.198897839,0.515968025,0
29008,1.199386716,1.166978717,0.031846609,0.832014859,0.515968025,0
25100,1.199386716,1.166978717,0.028513575,0.832014859,0.515968025,0
24545,1.199386716,1.166978717,0.026897267,0.832014859,0.515968025,0
21524,1.418289185,1.136798859,0.04493209,1.198897839,0.515968025,0
21507,1.418289185,1.07909286,0.027069229,0.647657871,0.515968025,0
8213,1.681138515,3.001097679,1.753095144,0.869944394,0.47475785,0
25086,1.418289185,1.020819545,0.031920199,0.306150258,0.515968025,0
24544,1.418289185,1.020819545,0.032472932,0.306150258,0.515968025,0
1447,1.605016708,2.141716719,0.015638163,6.340760231,0.513081193,1
167,1.408260942,0.94358021,0.036771768,0.765677989,0.515968025,0
8024,2.763860703,3.920876265,2.206015342,0.128150925,0.460017085,0
49582,1.372619748,1.719816446,0.121019489,0.522273958,0.510675371,0
38304,1.593080759,1.685516357,0.044541392,2.15038085,0.513081193,1
49583,1.441319585,1.719072223,0.106885326,0.484874398,0.513081193,0
2666,1.752135038,2.052156925,0.08871704,1.979014277,0.513081193,0
45677,1.238036633,1.570905328,0.258070043,0.760264575,0.508719504,0
11163,1.337975025,1.713264227,0.19078928,0.555800557,0.510675371,0
49584,1.456644297,1.715522647,0.118090443,0.267332345,0.513081193,0
5343,1.30928731,1.569429398,0.039800283,0.699528456,0.519100368,0
45678,1.381307483,1.731191754,0.258051958,0.385658354,0.512738585,0
38291,1.492722631,1.63433516,0.044686151,0.688174605,0.519100368,0
8055,2.332480669,3.014063597,2.385579207,1.827935934,0.451934993,0
172,1.384641767,1.313235402,0.018563903,3.524446964,0.522242248,0
11053,1.432135582,1.778076649,0.101467193,1.166398883,0.516425729,0
8017,1.609106302,1.908754826,0.395509416,0.940220118,0.511424124,0
2639,1.429465532,1.82723701,0.088535305,0.440354317,0.519100368,0
44649,1.429465532,1.856306911,0.092087587,0.440354317,0.519100368,0
2637,1.463394165,1.786781073,0.114816897,0.287834525,0.516425729,0
32825,1.687511921,1.991163492,0.131934359,0.856898844,0.516425729,0
16124,3.396123409,4.193032265,2.345666779,1.5200845,0.462172776,0
16125,3.328231812,4.3492589,2.322998374,0.150323316,0.462172776,0
2078,2.571057796,3.256949663,2.387293351,0.752692878,0.455376536,0
2128,2.571057796,3.256949663,2.387912557,0.179462761,0.455376536,0
16121,4.056450844,4.840941906,2.384041416,1.591366649,0.458776563,0
16122,4.213513374,4.341121197,2.390868711,6.234959126,0.458776563,0
46040,2.328968048,3.322161913,1.885279074,0.035622247,0.473374695,0
1446,1.252611637,1.807709098,0.037162595,0.531772673,0.522541285,0
54315,1.397989511,1.667387128,0.175488754,0.502658129,0.519995153,0
43471,1.453534722,1.882411838,0.149443987,0.560278833,0.522541285,0
1448,1.546195149,1.702144742,0.251896721,0.422431141,0.519995153,0
31753,1.739234209,2.184985876,0.041913894,2.680792332,0.522541285,0
43470,1.631415606,2.003777266,0.176792457,0.873205781,0.519995153,0
32634,1.244870424,1.706816077,0.12893026,0.774556816,0.522541285,0
26733,1.631415606,1.961482286,0.173163009,0.989880443,0.522541285,0
2661,1.409288526,1.81894815,0.194315924,1.104573131,0.519995153,0
26731,1.225740552,1.763403893,0.165776125,0.358054399,0.522541285,0
8016,1.782266974,2.026190996,0.517170496,0.619295299,0.516658604,0
4624,1.211882591,1.652193785,0.140900846,2.517261982,0.526002765,0
9294,1.528248787,2.206858635,0.161049676,2.42302537,0.526002765,0
48616,1.294807792,2.132220268,0.099224651,2.713549852,0.526002765,0
8022,2.866223812,3.1468575,2.223390071,1.295963526,0.474071175,0
48617,1.791629314,2.46919179,0.120747502,1.762422204,0.526002765,0
1427,0.935016274,1.501350999,0.066338622,0.339363247,0.542538464,0
1444,0.685623646,1.479427814,0.075275771,0.458580196,0.542538464,0
2665,1.297424078,1.881342888,0.108165606,1.781607151,0.529062748,0
1445,1.167598963,1.675535202,0.092535883,0.319436401,0.529062748,0
1443,1.161570787,1.478358388,0.151965315,0.812531352,0.545884371,0
42832,2.60595417,3.094888926,1.058213547,0.921517789,0.515530109,0
5423,1.370976448,1.862347841,0.145169505,1.039267898,0.532360375,0
8212,2.443842888,2.773873568,0.862651608,1.466621876,0.52020061,0
11206,2.035855055,2.393532038,0.52025252,0.528175354,0.524606347,1
8023,3.518205881,3.572308302,1.478922693,2.273824453,0.502250552,0
15766,0.971871555,1.519155025,0.209012555,0.396517634,0.545884371,0
1449,1.613506794,1.95769763,0.381853717,2.957542181,0.526656389,0
1450,1.443403244,1.935353875,0.26301802,1.168469429,0.535286188,0
7819,1.31036675,1.863954425,0.325700884,1.192539692,0.532101691,0
8018,3.173649549,3.00801754,1.261503566,2.037136316,0.516659498,0
7817,1.042009354,1.604330659,0.364274816,0.083960168,0.548885226,0
1452,1.026268482,1.563561797,0.325638676,0.256293386,0.545602381,0
23591,3.404383183,3.714816093,0.844921999,1.830270052,0.523490906,1
1451,1.609240174,2.027272701,0.34049135,0.972683311,0.541161656,0
1453,1.134266853,1.687069535,0.417060088,0.193993837,0.554749668,0
19753,2.137450218,2.606722832,0.57547057,1.047609687,0.531453609,0
1442,1.117453575,1.401730895,0.332894583,0.709016979,0.561812341,0
54837,3.582448721,3.776075602,0.902172032,1.032053947,0.524546742,0
52005,3.582448721,3.776075602,0.90314013,1.032053947,0.524546742,0
54838,3.334890842,3.609754086,0.934015236,1.145879507,0.524546742,0
52006,3.334890842,3.609754086,0.934977228,1.005794287,0.524546742,0
42646,2.492410183,3.287570238,0.632499519,3.021037817,0.531453609,0
23592,3.226952076,3.534300327,0.908772831,0.628626168,0.524546742,0
1454,0.878970385,1.467517018,0.457635428,0.389787018,0.558196664,0
7814,1.399483442,1.805548072,0.444322852,0.444143623,0.567630768,0
7865,2.674511909,2.760350943,0.671576195,0.544095039,0.533069909,0
2082,3.048970461,3.23622179,0.744199572,1.112542629,0.5515576,0
2131,3.048970461,3.23622179,0.744872846,1.511092544,0.5515576,0
7818,3.194562674,3.328450441,0.746133732,1.76668036,0.548074305,0
39789,3.125928402,3.595009804,0.770187503,4.751829147,0.565696597,0
7816,3.543444633,3.708476782,0.83669556,1.892855287,0.566951096,0
19563,1.667776585,5.74855423,3.289537052,0.068538636,0.354463637,0
43420,1.286391973,4.874239922,2.378517781,1.621430993,0.375248671,1
44668,1.113750219,5.244347572,2.313649674,1.480119467,0.375248671,1
8204,1.530668259,5.472615719,3.221631691,0.94345808,0.351421773,0
43421,1.014383554,4.86696291,2.364108772,2.446507215,0.375248671,1
44667,1.296716452,4.776942253,2.336550274,2.708913088,0.375248671,1
19283,0.672930241,4.401370049,2.426663549,0.466488868,0.37221697,1
769,1.296716452,4.55835104,2.343558577,2.708913088,0.375248671,1
5268,0.844645739,4.599464417,2.536762344,0.254873067,0.37221697,1
37128,0.509306669,4.509654522,2.809298884,1.173059225,0.366221845,0
37406,0.903041601,4.637678623,2.449705222,0.875864983,0.37221697,1
37405,0.903041601,4.55483532,2.476874077,0.258458346,0.37221697,1
39602,0.909409285,4.648433208,2.360240381,0.812940955,0.375248671,1
4960,0.717759132,4.632464886,2.717291362,0.642314374,0.366221845,0
14681,0.510516405,4.296544075,2.86039831,0.873261929,0.366221845,0
37129,0.927008629,4.743096828,2.780763592,0.883208752,0.366221845,0
39603,0.909409285,4.616664886,2.368258585,1.929400086,0.375248671,1
32250,1.023264408,4.990307808,3.069003255,0.109984159,0.357425421,0
16695,1.254269123,4.898041248,2.206964914,0.751614451,0.378287643,1
23241,0.738342285,4.482971191,2.615215826,0.5260185,0.36920321,0
32512,0.841476917,4.477799892,2.525565329,0.385094225,0.37221697,1
22454,1.058862209,5.097780228,3.084512517,0.768944025,0.357425421,0
7975,1.197706938,5.018595219,3.100567271,0.354439676,0.357425421,0
41951,0.913738489,4.600852489,2.42047484,0.288566619,0.37221697,1
42058,0.820209742,4.497297287,2.75395476,0.601257145,0.366221845,0
16832,0.669577599,4.666982174,3.001999003,1.740388989,0.36269477,0
48825,0.939028025,4.621103764,2.374267108,0.837823629,0.377765089,1
32251,1.017751217,4.78296423,3.03413149,0.48007071,0.359753013,0
5522,0.62294507,4.449347496,2.886750727,0.752996206,0.365648866,0
42057,0.699446201,4.481422424,2.743040955,0.856244028,0.368635625,0
32511,0.808328867,4.33553791,2.529714868,0.395249307,0.374701291,0
42056,0.699446201,4.344011784,2.726255794,0.965096354,0.368635625,0
48826,0.980643749,4.616069317,2.370803082,0.769912422,0.377765089,1
38514,0.805172443,4.494414806,2.531655891,0.50232625,0.374701291,1
3894,0.595289707,4.154916763,2.708849004,0.965096354,0.368635625,0
14959,0.581712246,4.412036419,2.871756209,0.366057426,0.365648866,0
5031,0.50439167,4.312629223,2.883626014,0.557757497,0.36269477,0
18854,1.184456587,4.632369995,2.255697993,0.998763144,0.377765089,1
9279,1.174798965,4.694259644,2.200271371,0.757716835,0.380835414,1
34717,1.184456587,4.568748951,2.256196042,0.998763144,0.377765089,1
8203,1.671973228,5.763018131,3.035505185,1.523699641,0.350719929,0
34718,1.02727294,4.724061966,2.233437597,0.506840229,0.377765089,1
770,0.704595327,4.133047581,2.536847381,0.792773128,0.374701291,1
43919,0.586328745,4.22606945,2.682568988,0.747688413,0.368635625,0
34410,0.586328745,4.218967915,2.677578184,0.747688413,0.368635625,0
42201,0.753128052,4.248752117,2.674289926,0.747688413,0.368635625,0
42196,0.753128052,4.258913517,2.668526253,0.506255805,0.368635625,0
42273,1.119805813,4.503771305,2.342682034,1.0446769,0.377765089,1
42197,0.753128052,4.258913517,2.667534396,0.506255805,0.368635625,0
42200,0.586328745,4.218967915,2.674180119,0.747688413,0.368635625,0
38528,0.753128052,4.248752117,2.670014591,0.747688413,0.368635625,0
42198,0.753128052,4.258913517,2.665492748,0.506255805,0.368635625,0
42274,1.119805813,4.475381374,2.354170027,1.0446769,0.377765089,1
42199,0.721544504,4.22462368,2.665730572,0.323840827,0.368635625,0
38530,0.721544504,4.198899746,2.6563606,0.420386761,0.368635625,0
32487,0.828870773,4.196974754,2.449462261,0.364253581,0.374701291,1
16689,0.851761818,4.310924053,2.36782022,0.679289997,0.377765089,1
43920,0.721544504,4.173572063,2.647229508,0.420386761,0.368635625,0
43422,0.828870773,4.221404552,2.440583726,0.134180248,0.374701291,1
42275,0.946742535,4.434259892,2.357330734,0.855210423,0.377765089,1
34409,0.721544504,4.14748764,2.64278619,0.420386761,0.368635625,0
32488,0.872295856,4.348011971,2.473627119,0.203938022,0.374701291,1
43423,0.828870773,4.258821964,2.455298055,0.364253581,0.374701291,1
43925,0.721544504,4.154130936,2.62995426,0.647266686,0.368635625,0
18981,0.721544504,4.194410801,2.639944764,0.574290693,0.368635625,0
14637,0.846671581,4.503748417,2.736766874,0.093821339,0.365648866,0
25466,0.990376234,4.171949387,2.409921985,0.625751913,0.374701291,1
43424,0.91092205,4.316754818,2.4584709,0.137360066,0.374701291,1
38513,0.601405859,3.85984993,2.550194255,0.944349468,0.371653646,0
8268,0.905382156,4.210365295,2.386378304,0.189045668,0.374701291,1
8199,2.543820858,6.346088886,2.903485902,0.032088682,0.341016978,0
7973,0.601405859,3.912557364,2.540962371,0.469243288,0.374076873,0
25469,0.91092205,4.133869171,2.436379697,0.54827553,0.377160221,1
25470,0.913811922,4.157389641,2.441421475,0.415303797,0.377160221,1
14196,0.806231737,4.14249754,2.36928988,0.523313284,0.380259395,1
16698,1.780287743,6.299279213,0.945584739,1.166399717,0.405455917,0
22354,0.850854397,3.960491896,2.354992563,0.534235358,0.380259395,1
30462,1.092189074,4.457551003,2.291777969,0.378247947,0.380259395,0
4956,1.092189074,4.424129486,2.315551589,0.971153378,0.380259395,1
24460,0.913811922,4.120133877,2.43012111,0.624636948,0.377160221,1
43149,1.183531523,4.864503384,1.944894841,0.277706563,0.386464715,0
22352,0.850854397,4.179293156,2.352468457,1.031221151,0.380259395,1
22353,0.850854397,4.316094875,2.335885551,1.011676311,0.380259395,1
29836,0.672757149,4.077243328,2.529131356,1.186926723,0.374076873,0
25472,1.199509144,6.070457935,0.754142048,0.13403593,0.412572622,0
30375,1.163396835,5.314599991,1.663858661,0.031845815,0.39264822,0
16860,1.265405178,6.099766254,0.709670039,0.223730713,0.412572622,0
16856,1.7376647,6.141449451,1.110727171,0.47326538,0.402119398,0
41465,2.118090153,6.674476624,1.123300941,1.962177634,0.402119398,0
43290,1.162700653,4.809568882,1.886656841,0.622220159,0.389558434,0
43289,0.938326836,4.748256683,1.873301187,1.065098047,0.389558434,0
41464,2.118090153,6.69730711,1.144577374,0.550425291,0.402119398,0
25473,1.366251945,6.16970396,0.78132128,0.407250553,0.408937603,0
32398,1.21689415,5.323866367,1.517826385,1.122635484,0.395751536,0
30374,1.191954136,5.378124714,1.653047115,1.972425938,0.39264822,0
6812,1.121930838,5.115809917,1.412534159,1.211911201,0.395751536,0
25474,1.300334454,6.119752407,0.755654332,0.28331548,0.412572622,0
23857,1.416914701,5.262339115,2.900954654,1.07945466,0.356175721,0
43148,1.378572226,5.014893055,1.956372743,0.290717453,0.386464715,0
29833,0.930172682,4.129249573,2.494568623,0.761541843,0.374076873,0
43472,1.21689415,5.466226578,1.495873985,0.87674737,0.395751536,0
7664,1.121930838,5.466561317,1.424849736,1.211911201,0.395751536,0
30373,1.191954136,5.080249786,1.651421097,2.368312836,0.39264822,0
30372,0.685264349,4.881175041,1.664909819,2.611047268,0.39264822,0
43288,1.106882095,4.962844849,1.878724486,0.541512132,0.389558434,0
17881,1.154831409,4.684054852,2.17573261,0.92404604,0.383364022,0
5150,1.155288219,5.133080006,1.9265364,0.930015266,0.386464715,0
15575,1.080764294,4.395647526,2.593050662,0.868871331,0.371022731,0
43147,1.213114023,5.002985477,1.954133303,0.975735009,0.386464715,0
5147,1.254308939,4.675636292,2.045398365,0.513371885,0.386464715,0
18541,1.254308939,4.675636292,2.045398365,0.513371885,0.386464715,0
32397,0.669977188,5.157625198,1.517392314,1.804828644,0.395751536,0
7671,1.017500639,4.12257576,2.398139098,0.814024687,0.377160221,0
50492,1.055679321,4.292984962,2.416836143,0.376405329,0.377160221,0
6616,1.254308939,4.69841814,2.032878435,0.513371885,0.386464715,0
25475,1.341142178,6.271118641,0.783192295,0.432041049,0.408937603,0
4372,1.387993336,6.170471191,0.814063134,0.612954438,0.408937603,0
1979,0.672116041,4.500197887,1.686450355,0.869255841,0.39264822,0
1977,1.258806705,5.104003906,1.362130424,0.302205384,0.398896903,0
5030,1.018049479,4.198290348,2.310447563,1.388161778,0.380259395,0
776,1.213114023,4.61440134,1.972574271,0.368171901,0.386464715,0
14630,1.063673973,4.144340038,2.532992698,0.859292388,0.371022731,0
21236,1.589136362,4.888217926,2.68297548,0.677604556,0.368002355,0
14223,1.360396862,5.359776974,1.244614184,0.786365747,0.402119398,0
721,1.383268833,6.046666622,0.769304359,0.494973689,0.412572622,0
16985,1.566807747,5.879524708,1.085630282,0.569679141,0.405455917,0
5255,1.232096672,5.828289986,0.574505062,0.766933858,0.416337281,0
44899,1.014780521,5.070613384,1.501133141,1.074727297,0.395751536,0
41534,1.240066528,4.333479404,2.439110609,0.285036862,0.374076873,0
782,0.735915661,4.946962833,1.44376778,0.841110289,0.395751536,0
18547,1.024659395,4.697868824,1.781555029,1.045012951,0.389558434,0
31813,0.899103165,5.062362194,1.485699151,0.304058582,0.395751536,0
43142,1.49695611,5.202786446,1.86572131,1.159962535,0.389558434,0
8198,2.969785452,6.564615726,2.778510558,1.209859014,0.337594926,0
29282,2.310785294,5.94523859,2.821374643,0.853946745,0.331841528,0
31814,0.899103165,5.079554558,1.472016842,0.304058582,0.395751536,0
50470,1.260039806,6.128744125,0.612721757,0.780178308,0.412572622,0
785,1.502587795,6.050546646,0.949865555,1.078029513,0.405455917,0
50250,1.522987127,5.066460609,2.078817155,1.15471375,0.383364022,0
15574,1.240066528,4.349027634,2.412107404,0.449965835,0.374076873,0
30057,1.33894825,5.352786541,2.841496439,0.455056429,0.356175721,0
11665,1.303019524,6.13220644,0.814674124,0.61414355,0.408937603,0
17882,1.303019524,6.13220644,0.814674124,0.61414355,0.408937603,0
41533,1.240066528,4.361300945,2.426708603,0.222960517,0.374076873,0
49552,1.501635075,5.869527817,1.155459566,0.60165894,0.402119398,0
50894,1.260039806,6.281821728,0.602223386,0.711031079,0.416337281,0
48916,1.502587795,5.923859119,0.948659647,1.078029513,0.405455917,0
31771,0.899103165,5.082976341,1.490202526,1.234038353,0.395751536,0
43153,1.394655704,6.349953175,0.722879609,0.554830134,0.412572622,0
32955,1.263483286,4.510210037,2.566002764,1.457313299,0.371022731,0
31815,1.393568516,4.991820812,1.473289066,1.234038353,0.395751536,0
43141,1.475982904,5.205963135,1.850060897,3.526670456,0.389558434,0
43286,1.692376852,5.254541397,1.876311609,1.062794328,0.389558434,0
31816,1.666782618,5.639919758,1.599443499,1.624072552,0.39264822,0
41532,1.252594233,4.326072216,2.410995802,0.449965835,0.374076873,0
14951,1.100896597,3.998595476,2.505871815,0.370050341,0.37338537,0
31818,1.664627314,5.509486198,1.582247885,1.360610962,0.395254046,0
32956,1.254303217,4.410266876,2.557650905,1.457313299,0.37338537,0
18550,1.666782618,5.597373486,1.600544875,0.664588571,0.395254046,0
32958,1.254303217,4.354037285,2.564800354,1.457313299,0.37338537,0
50471,1.452856541,6.024199486,0.621640134,0.711031079,0.414876819,0
31817,1.666782618,5.597373486,1.602334217,0.664588571,0.395254046,0
50249,1.640764236,4.999375343,2.078863471,0.171660766,0.385872245,0
4604,1.56357789,4.816576481,2.124748416,0.469177812,0.385872245,0
4468,1.554338455,6.242782116,0.678856678,0.644866884,0.414876819,0
9296,1.554338455,6.242782116,0.678856678,0.644866884,0.414876819,0
32957,1.254303217,4.354037285,2.557243091,1.457313299,0.37338537,0
7153,1.567678928,6.155863762,0.590631845,0.414328843,0.418497115,0
42877,1.576159954,6.260264874,0.710813365,0.351017922,0.414876819,0
4695,1.567678928,6.184673309,0.57010251,0.521128178,0.418497115,0
18549,1.475982904,4.659049034,1.854974972,2.862881422,0.392137468,0
16950,1.640764236,4.900339603,2.076443734,0.43168059,0.385872245,0
44900,1.473605871,5.380960941,1.525238842,0.57717979,0.398369312,0
30101,2.260442257,5.823681355,2.765556244,3.987669706,0.334669679,0
40254,1.648140669,5.46323967,1.653469138,1.127300739,0.395254046,0
42253,1.484887123,6.203305721,0.717321926,0.696035445,0.414876819,0
7972,1.51304841,4.513451576,2.452885818,0.596908808,0.376473755,0
43154,1.484887123,6.289082527,0.735250259,0.545549512,0.414876819,0
43155,1.484887123,6.220114231,0.725565949,0.696035445,0.414876819,0
42234,1.571790218,5.436139584,1.64537769,1.127300739,0.395254046,0
42233,1.571790218,5.436139584,1.645610258,1.127300739,0.395254046,0
43146,1.844108582,6.334001541,0.511919276,0.547768414,0.418497115,0
42232,1.571790218,5.417788029,1.6458375,1.127300739,0.395254046,0
40255,1.571790218,5.415346622,1.654143755,1.127300739,0.395254046,0
5095,1.46664381,6.090192795,0.803205603,0.460830152,0.411360353,0
42254,1.388728619,6.203147411,0.704774263,1.150670409,0.414876819,0
12235,1.571790218,5.402985096,1.661180846,1.289205074,0.395254046,0
42231,1.571790218,5.25387907,1.647160372,1.581851006,0.395254046,0
42230,1.571790218,5.25387907,1.645092216,1.581851006,0.395254046,0
42229,1.571790218,5.25387907,1.64412708,1.581851006,0.395254046,0
12236,1.571790218,5.088284969,1.644379345,1.581851006,0.395254046,0
14834,1.531035423,6.151031971,0.742611579,0.706452787,0.414876819,0
40881,1.31492734,4.429199696,2.191160621,0.15729253,0.382730126,0
771,1.369213343,4.46591568,2.470698341,0.830461323,0.37338537,0
40882,1.248631477,4.378857613,2.195517289,0.793961644,0.382730126,0
22453,1.295173407,4.318706989,2.174675126,0.375033826,0.382730126,0
16691,1.790271521,4.678961754,2.343762125,1.067623615,0.376473755,0
16983,1.170120001,4.5429492,1.448524218,1.468950987,0.398369312,0
14116,1.06688714,4.107353687,2.250780321,1.533129454,0.379593223,0
41460,1.248631477,4.324446678,2.184946633,0.97305721,0.382730126,0
50230,1.82626009,6.164093494,0.518456504,0.481841594,0.418497115,0
8202,1.616349459,5.482723713,2.688361388,0.88690716,0.352609277,0
40936,2.078585625,5.833128929,0.383408928,1.132573009,0.422188044,0
38404,1.421630621,4.486488342,2.119852839,0.651591241,0.385872245,0
41459,1.248631477,4.20430851,2.185446132,0.97305721,0.382730126,0
14683,1.862228632,5.334197998,2.658382257,0.549204707,0.367333323,0
19447,1.372009993,4.911966324,1.658551841,0.414145023,0.395254046,0
56139,1.846622944,4.86905241,2.490068823,0.19735156,0.37338537,0
12219,1.574196815,6.064929008,0.594553148,0.618905187,0.418497115,0
41461,1.248631477,4.446274757,2.165514271,0.61629051,0.382730126,0
8241,1.421630621,4.465767384,2.109416154,0.463297665,0.385872245,0
14644,1.100765944,4.48594141,1.828805938,0.084720999,0.392137468,0
18857,1.548238039,4.591774464,2.037505414,0.240036696,0.385872245,0
21258,1.738131523,5.21118021,1.579040274,0.404759079,0.395254046,0
50238,1.751553059,6.109065533,0.517051436,0.676930845,0.418497115,0
15252,1.522965431,4.692791462,1.951373825,0.804761112,0.389009923,0
774,1.495016813,4.511841297,2.10263645,0.931437612,0.382730126,0
8245,1.353940248,4.819447994,1.642231294,0.51110518,0.395254046,0
31137,1.132470608,5.341124535,1.186158342,1.335482717,0.404696584,0
4939,1.054997921,5.394816875,1.089859484,1.294229507,0.40797025,0
12223,1.523075104,5.95864439,0.592990073,0.709585786,0.418497115,0
14213,1.240252733,4.640772343,1.752933948,0.472155899,0.392137468,0
15185,1.346012831,4.871275902,1.331598007,0.400800556,0.401506931,0
786,1.100674152,4.928364277,1.231421166,1.328051209,0.404696584,0
19464,1.283687115,5.751955032,0.663569142,0.780459404,0.414876819,0
18863,0.912838459,4.868299007,1.221457864,0.424111307,0.404696584,0
788,1.065193653,5.634918213,0.775242408,1.340575337,0.411360353,0
48920,0.911635399,5.359515667,0.903040893,0.938574374,0.411360353,0
789,1.78068018,5.626299858,0.398136102,0.413478553,0.422188044,0
21259,1.526466846,5.808160305,0.561329728,0.56343174,0.418497115,0
14200,2.340816259,5.239792824,2.344261861,0.39310202,0.376473755,0
16226,1.901517153,5.012814999,2.536358212,0.290187418,0.370336533,0
41466,1.963230371,5.099797249,2.440726483,1.855303645,0.37338537,0
21262,0.911635399,5.394149303,0.903883756,0.23973836,0.411360353,0
14631,1.812257051,5.309392929,1.531630682,0.925264955,0.398369312,0
14633,1.812257051,4.881643772,1.498491667,2.658455133,0.398369312,0
48919,2.530192375,6.038127899,2.615044362,0.475420743,0.367333323,0
8379,0.912838459,4.915943623,1.230178881,0.693451405,0.404696584,0
8311,1.283687115,5.690306664,0.663294307,0.18771331,0.414876819,0
16831,2.124004126,5.065544605,2.404843825,0.327980727,0.37338537,0
48657,2.260618687,5.828962803,2.725941668,0.459970385,0.36375019,0
5034,1.667953014,4.676317215,2.041479596,0.5573259,0.388364881,0
41467,1.963230371,5.222263813,2.425072031,0.391668379,0.375728548,0
783,1.500876427,4.937700748,1.659120172,0.598151922,0.397857457,0
30033,2.217825413,5.159512043,2.248513067,0.72535944,0.378849804,0
37645,1.065193653,5.824781895,0.775546015,0.522042155,0.413837582,0
4687,2.051764011,5.913122654,0.433683592,1.068267584,0.424294978,0
41468,2.100660324,5.082131863,2.40608242,0.440351874,0.375728548,0
30037,2.28730607,5.150000095,2.254295876,0.383745462,0.378849804,0
42731,1.763426542,5.473968029,2.597188837,3.940261364,0.35500735,0
41402,1.230940819,5.33119297,1.195702116,0.456947982,0.407298803,0
25067,1.535409927,4.457108498,2.125215665,0.671203077,0.385181695,0
51188,1.230940819,5.282059669,1.194840769,0.456947982,0.407298803,0
14632,1.467321873,4.379142284,2.071522843,0.069464572,0.385181695,1
56089,1.622595549,4.696087837,2.020143294,0.223267317,0.388364881,0
4739,1.714283943,4.906281471,1.939727608,0.883901358,0.388364881,0
51865,1.795735598,4.778097153,1.988696704,1.16853714,0.388364881,0
19469,1.39989543,5.12646246,1.312037305,1.084356785,0.404130161,0
9745,1.988948345,5.198462963,2.44427487,1.682701945,0.372655094,0
719,1.327600002,4.653100491,1.452331681,1.870370507,0.400991678,1
41760,1.526451826,5.128492355,1.406074256,0.159626946,0.404130161,0
15248,1.397593975,4.517869473,2.119606943,0.536658645,0.382005125,0
15250,2.214671612,5.479712963,2.229824123,2.049361467,0.378849804,0
4601,1.654791594,4.715809822,2.01881263,0.608390689,0.385181695,1
4467,1.297348261,5.222663879,1.194853666,0.212122828,0.407298803,0
25479,1.597897053,5.124354839,1.67133723,1.084644675,0.397857457,0
25480,1.813485861,5.128362656,1.707133258,0.558832705,0.397857457,0
31330,1.813485861,5.128362656,1.706524302,0.603048921,0.397857457,0
57370,1.672945976,5.675238132,0.603445231,0.345038593,0.4207412,0
34358,2.631913185,5.772206306,2.578729142,1.369235635,0.369634062,0
56088,1.607071638,4.600001335,1.977341869,0.744311988,0.388364881,0
6669,1.779571056,4.755041599,1.938895686,1.679697514,0.388364881,0
51189,1.297348261,5.232370853,1.19762653,0.212122828,0.407298803,0
51866,1.795735598,4.751737595,1.959686099,1.351365924,0.388364881,0
34314,2.24860239,5.811677456,2.62232835,0.274639934,0.366672635,0
48910,1.92152524,5.366707802,2.690438031,0.345247477,0.366672635,0
3836,1.530976534,4.535028934,2.001763468,0.546007633,0.385181695,0
4954,2.027598381,5.23611927,2.408102415,0.587404609,0.372655094,0
18860,1.144225836,4.356721401,1.833452821,0.7352615,0.391543984,0
31949,1.91575861,5.23597765,2.443090869,1.170482874,0.372655094,0
4951,1.91575861,5.23597765,2.444540074,1.170482874,0.372655094,0
2115,1.684189558,5.218101501,2.616603732,0.850215614,0.36375019,0
2064,1.684189558,5.218101501,2.615862825,0.850215614,0.36375019,0
49822,1.197205544,5.66557312,0.890035681,0.462475836,0.413837582,0
9755,1.136365891,5.530613422,0.812689062,0.671931505,0.413837582,0
4686,1.136365891,5.547246933,0.796919761,0.609847844,0.413837582,0
14224,0.932214737,5.238029003,0.959053066,0.385023922,0.410524577,0
57371,1.64187479,5.902279377,0.627535539,0.071404085,0.417250633,0
34359,2.648714304,5.665442944,2.530560574,2.286838055,0.369634062,0
18552,1.801654577,5.016750813,1.767333437,0.502013505,0.394709498,0
44385,1.667476654,4.644923687,1.958247351,0.712458849,0.388364881,0
25481,1.495549202,4.246953964,1.82124245,1.267233849,0.391543984,0
13888,1.6913836,5.074657917,2.281475434,0.870002866,0.375728548,0
42911,1.768712997,4.684329987,1.88735564,1.573789835,0.388364881,1
31948,1.930546045,5.245115757,2.417334894,0.150925264,0.372655094,0
4738,1.667476654,4.626122475,1.968848439,0.418620199,0.388364881,0
42126,1.654206276,4.573402405,1.979676272,0.229724213,0.385181695,0
16864,2.158391714,5.836684227,0.389863456,1.269930243,0.424294978,0
3892,1.474386215,4.913743496,2.264532541,1.151768923,0.375728548,0
43456,2.16860795,5.544093609,2.637880562,0.133539215,0.366672635,0
13889,1.474386215,5.015917778,2.26306031,0.870002866,0.375728548,0
42912,1.768712997,4.787249565,1.882882302,1.391254544,0.388364881,0
11664,1.327844143,5.681221008,0.735470178,0.800034583,0.417250633,0
13746,1.327844143,5.681221008,0.735470178,0.800034583,0.417250633,0
44386,1.770331383,4.753126144,1.941120721,0.850114465,0.388364881,0
42124,1.654206276,4.572316647,1.96111511,0.728351712,0.385181695,0
14682,2.164199114,5.665570259,2.608800842,0.527616382,0.366672635,0
14687,0.884703159,5.227364063,0.870340773,0.545874,0.413837582,0
42913,1.768712997,5.019285679,1.864780929,0.26617977,0.388364881,0
25217,2.532876968,6.221130371,2.452753291,1.08750391,0.352023721,0
44387,1.667476654,4.709051132,1.932129459,0.578217506,0.388364881,0
42125,1.764317751,4.73751545,1.952419649,0.559015095,0.385181695,0
25482,1.424595594,4.289078236,1.792596021,2.706242085,0.391543984,0
31338,2.059109688,5.307868958,2.147890505,0.665404439,0.378849804,0
34315,2.067852259,5.794637203,2.575080349,0.830964208,0.366672635,0
41259,1.169558048,4.214826107,2.010340842,2.711080551,0.385181695,1
9262,1.84572506,5.041456223,1.672356999,0.359573364,0.397857457,0
43457,2.056464672,5.646857738,2.618547255,0.388393968,0.366672635,0
15249,1.752007008,5.245203495,2.272873738,0.292797714,0.375728548,0
41257,1.382537842,4.4470644,1.987354581,0.899959564,0.385181695,1
34357,2.050059795,5.651435375,2.50349371,1.636108279,0.369634062,0
41258,1.382537842,4.308300495,1.992434512,2.271287441,0.385181695,1
22447,1.605430126,4.545077324,1.972381276,0.846380472,0.387623847,1
18985,1.884539127,4.981240273,1.634399477,1.075367212,0.400470257,0
17590,1.310182333,4.929111481,1.300141948,0.989973783,0.406788647,0
14635,2.104116201,5.203107834,2.058742676,0.992110729,0.384405434,0
25218,2.511490345,6.210771561,2.42320533,1.449907184,0.357298225,0
18827,1.834942102,5.196836472,2.135432431,0.580757618,0.381214112,0
20165,1.357771873,5.117035866,2.5231644,1.586985469,0.36313206,0
42873,1.166747808,5.019594669,1.217955167,0.211076483,0.409958303,0
42874,1.066026211,5.025166035,1.200197075,0.477118254,0.409958303,0
3842,1.583286285,4.556564808,1.494532927,0.998112738,0.403633952,0
37812,1.166747808,5.054542065,1.223299157,0.211076483,0.409958303,0
51756,1.987760782,5.30523634,2.494318232,0.732427418,0.371928185,0
3840,1.674547911,4.675487041,1.764692662,2.690036774,0.39407596,0
5066,1.746938705,4.848977089,1.844869102,0.357795238,0.390851229,0
4716,1.571260452,5.132522106,2.230826521,0.198407739,0.37806204,0
772,2.050072432,5.593901157,2.451879785,1.738290071,0.371928185,0
4353,1.583286285,4.715140343,1.505130748,2.099469662,0.403633952,0
15188,0.860148907,5.012029171,0.978147952,0.223363802,0.413167298,0
7659,1.687011957,5.067278385,2.592142432,0.642162621,0.368956566,0
4018,1.658932209,5.760317802,0.648269411,0.291820556,0.423171103,0
12162,1.658932209,5.760317802,0.648269411,0.291820556,0.423171103,0
563,1.511766911,5.591187954,0.68276759,0.715848744,0.41977638,0
37697,1.169520378,4.244464874,1.52724427,1.364105105,0.403633952,0
3838,1.40490365,4.44679594,1.772861635,1.78173697,0.39407596,0
42871,1.243108988,4.652023315,1.375026059,0.713515759,0.406788647,0
37698,1.583286285,4.717353344,1.49371379,0.340116173,0.403633952,0
4714,1.654109716,4.673503399,2.544771795,1.154485464,0.366028756,0
42914,1.927679062,5.043506145,1.574076776,0.431118637,0.400470257,0
50949,1.132228374,5.360059738,0.832637459,0.424764901,0.416433632,0
42872,1.427335978,4.693768024,1.392517229,1.125187039,0.406788647,0
14215,1.773355722,4.650750637,1.749670354,0.220977336,0.39407596,0
20164,1.894638538,5.444390774,2.487245402,2.283802509,0.36313206,0
4711,1.773087263,4.997218609,2.528667049,1.882261753,0.366028756,0
9139,1.763666391,4.895994663,1.769245838,1.78173697,0.39407596,0
27019,0.975651264,5.371767044,0.934304477,0.599453688,0.416433632,0
775,1.793007135,4.840703964,1.663418717,0.954388976,0.397284448,0
15251,1.730120897,5.275126934,2.274898846,0.460144281,0.37806204,1
42910,1.248023033,4.553697109,1.39507215,0.693216324,0.406788647,0
25219,2.133394003,5.776477814,2.367793559,0.781177461,0.357298225,0
51859,1.858659983,5.851052284,0.61771304,0.292538762,0.423171103,0
14204,1.773087263,5.36499548,2.523594381,1.673571944,0.366028756,0
15578,1.856849194,5.018388748,1.561794966,1.647719383,0.400470257,0
27021,0.931591034,5.29188633,0.961951108,0.901891708,0.416433632,0
25483,1.773355722,4.783232689,1.731314712,1.886991382,0.39407596,0
3841,1.777759314,4.887034893,1.609737618,1.117385268,0.397284448,0
50948,1.088356495,5.381547451,0.830635596,0.935752094,0.416433632,0
6894,1.027185202,4.970098495,1.156836802,0.779896617,0.409958303,0
42870,1.137025833,4.578257561,1.382250512,0.693216324,0.406788647,0
42915,1.774138927,4.886959076,1.5475305,1.730975747,0.400470257,0
7666,1.481626034,5.516272545,0.701878877,0.57111609,0.41977638,0
16650,1.714852095,4.613415718,1.778345417,0.193561301,0.390851229,0
787,0.782568932,4.983733654,0.99666216,0.211626843,0.413167298,0
545,1.233623981,5.411258698,0.732924806,0.771083295,0.41977638,0
13563,1.233623981,5.411258698,0.732627993,0.771083295,0.41977638,0
16987,1.241955996,4.480715752,1.40761909,0.586121082,0.406788647,0
620,1.802619934,5.512852192,2.528026242,1.629292727,0.368956566,0
2940,1.548737526,5.584190845,0.694104095,0.892116606,0.41977638,0
16827,1.8986485,5.437238216,2.501199676,0.865412831,0.368956566,0
25484,1.794699669,5.182333946,2.315179625,0.236939386,0.374965847,0
570,1.552569628,4.416751862,1.827194294,0.710275829,0.390851229,0
51857,1.804047346,5.783071995,0.676690101,0.78737998,0.41977638,0
14097,1.777632952,5.259205818,2.291118116,0.306575,0.374965847,0
3776,1.777632952,5.240592957,2.29239575,0.306575,0.374965847,0
37710,1.829858303,5.426877975,2.06894173,0.791967213,0.381214112,0
37700,1.561534643,4.574022293,1.70852666,2.227381229,0.39407596,0
4388,1.495541334,5.173256397,2.179111014,0.783106506,0.37806204,0
21244,1.887881041,5.3109622,2.021096809,0.675415754,0.384405434,0
571,1.871207476,4.716199398,1.682654248,0.850957572,0.39407596,0
54314,1.795892715,5.080537796,1.637274202,0.973521054,0.397284448,0
37701,1.871207476,5.346256256,1.695620979,2.233571053,0.39407596,0
4030,1.751520872,5.162678242,1.621723726,1.535625577,0.397284448,0
7971,1.457971334,5.285449028,2.154691254,0.802211523,0.37806204,0
3766,1.640739202,4.835883617,1.570898811,0.944488287,0.400470257,0
14103,1.971530199,5.160310745,1.986472134,0.405344218,0.384405434,0
51858,1.848715067,5.657388687,0.636666656,0.40310514,0.423171103,0
773,1.457971334,5.257534504,2.16379098,0.783106506,0.37806204,0
37153,1.600640774,4.504718781,1.717776154,1.094093084,0.39407596,0
29210,1.600640774,4.850250721,1.734782631,1.064587355,0.39407596,0
4456,1.64932847,4.898360729,1.5532158,1.443964601,0.400470257,0
37709,1.829858303,5.426794529,2.070301597,0.722827017,0.381214112,0
9386,2.105112076,5.092766285,1.528670872,2.00667572,0.400470257,0
9384,1.819754601,5.181266308,1.520892061,2.00667572,0.400470257,0
29212,2.041282654,4.941795826,1.740438992,1.064587355,0.390851229,0
45541,0.747059345,5.017636299,0.890279204,0.163123593,0.416433632,0
24734,1.003534794,5.266137123,0.959621198,0.747590601,0.416433632,0
43511,1.626935005,4.402441025,1.479290904,0.833980083,0.403633952,0
37699,1.669354916,4.995581627,1.699064397,3.572518826,0.39407596,0
43508,1.531549931,4.314339638,1.473787751,0.833980083,0.403633952,0
25221,2.469936609,6.195590496,2.312195444,0.588905692,0.357298225,0
37703,1.976418495,5.217469215,1.981343862,0.405344218,0.384405434,0
8201,2.088778734,5.820118427,2.34068346,0.903239012,0.360229343,0
37702,2.159157753,5.363051891,1.678536931,0.505989015,0.39407596,0
19197,1.581051111,4.506910324,1.493917671,0.798130631,0.400470257,0
11905,2.105112076,5.19115448,1.513914674,1.096157432,0.400470257,0
11904,2.105112076,5.205245018,1.512846211,1.096157432,0.400470257,0
37708,1.932010412,5.372617245,2.059261565,0.457365006,0.381214112,0
30464,2.044466734,5.015300274,1.525944687,0.729282737,0.400470257,0
25485,1.863658428,5.324132442,2.292510045,0.38072288,0.374965847,0
9381,1.819754601,5.129930496,1.502928723,1.096157432,0.400470257,0
37704,2.02961731,5.112389088,1.964559037,0.339818984,0.384405434,1
9388,2.105112076,5.218559265,1.506573057,1.096157432,0.400470257,0
37965,2.139060497,5.360480309,1.597022658,0.766507804,0.397284448,0
29211,2.041282654,4.911271572,1.718251822,2.108146667,0.390851229,0
29209,1.553941727,4.990084648,1.710395408,2.108146667,0.39407596,0
37707,1.932010412,5.345453739,2.037620089,0.677250922,0.381214112,0
3775,1.932010412,5.330016136,2.04344461,0.457365006,0.381214112,0
37154,1.553941727,4.411791801,1.695814726,2.237838745,0.39407596,0
25197,2.309486389,5.889605045,2.414265057,0.117217302,0.366028756,0
45540,0.734302521,4.991547108,0.902587231,0.428072244,0.416433632,0
4389,1.629359245,5.362079144,2.146692672,0.524174809,0.37806204,0
43509,1.626935005,4.459982872,1.452179305,0.692701936,0.403633952,0
43510,1.531549931,4.329020977,1.447574338,1.419315577,0.403633952,0
37274,1.736918688,4.802727699,1.410870129,0.372082889,0.406295419,0
30029,2.178844213,5.496036053,1.917887007,0.383134305,0.386806041,0
30026,2.198689699,5.409276009,1.909019095,0.347143233,0.386806041,0
39326,2.093955278,5.306890488,1.947913553,0.14395985,0.386806041,0
21230,0.786678791,4.984101772,0.905933823,0.428072244,0.419157863,0
51751,1.864135504,4.856198311,1.419176537,0.46965149,0.406295419,0
25223,2.238245964,6.206520557,2.286648279,0.35950157,0.359501481,0
40349,2.124539375,5.215652466,1.714072739,0.303981185,0.393339962,0
55889,1.028362274,5.190927029,0.99209728,0.529779255,0.415898055,0
24735,0.952768326,5.237079144,0.95847348,0.637612402,0.419157863,0
39408,2.093955278,5.300421238,1.952258404,0.272963613,0.386806041,0
24772,1.406130552,4.70953989,1.375641035,0.969144046,0.409481913,0
12458,1.88972187,5.567004204,2.433979642,0.246060699,0.36828813,0
40902,2.037048578,5.170236588,1.621424147,0.860201597,0.396611869,0
30465,2.133830547,5.20443058,1.493354266,0.263496101,0.403093964,0
536,1.215555906,4.368704319,1.355474767,0.883979559,0.409481913,0
34930,2.034332037,5.143911362,1.836791419,1.348772764,0.39006713,0
25194,2.044754505,5.842691422,2.423060768,1.160520077,0.36828813,0
21240,1.864135504,4.868375301,1.401897238,0.46965149,0.406295419,0
43744,1.736918688,4.728658199,1.3876414,0.662754774,0.409481913,0
21231,1.27056551,4.9406147,1.233261527,0.518944502,0.412676007,0
53916,1.225129128,4.41982317,1.774040296,3.162436962,0.393339962,0
25222,2.235373735,6.143767834,2.261960921,0.869911432,0.359501481,0
1963,2.236173153,5.285673141,1.561894568,0.164896578,0.399865955,0
8197,2.643391132,6.228685379,2.240154428,1.884327888,0.356515378,0
57134,2.115837097,5.916077137,2.368610722,0.897262931,0.365371138,0
57135,2.115837097,5.959242821,2.363710364,0.403873384,0.365371138,0
41418,2.07216382,5.276669502,1.541615364,0.692683518,0.399865955,0
4453,1.783289433,5.375825882,0.626508874,0.585867822,0.425813735,0
17312,1.192521572,4.808654785,1.229480753,0.641653776,0.412676007,0
4454,1.568751812,5.665295601,0.808257579,1.271221876,0.422471523,0
2939,1.568751812,5.665295601,0.80970346,1.271221876,0.422471523,0
8380,1.244879723,4.641772747,1.338246742,0.926543057,0.409481913,0
18652,2.221546412,5.197666168,1.5620806,0.108029075,0.399865955,0
39339,2.117112398,4.987752438,1.520159304,0.617306352,0.399865955,0
32637,1.520207882,4.535531521,1.40839613,0.993835568,0.406295419,0
57298,2.081368685,5.163415909,1.45332295,1.118358016,0.403093964,0
11219,2.097189665,5.229177952,1.599027729,0.816954851,0.396611869,0
5503,1.563935041,5.633398056,0.737526988,1.11697948,0.422471523,0
4015,1.071639061,4.861967564,1.139418606,0.994538844,0.415898055,0
50232,1.568751812,5.613068104,0.818652917,0.645730972,0.422471523,0
17889,1.92243433,5.014733791,1.34747243,0.507782519,0.409481913,0
4035,1.749101162,4.689329624,1.708112024,1.99816227,0.393339962,0
35067,1.92243433,5.014733791,1.345923556,0.507782519,0.409481913,0
50239,1.505806208,5.39186573,0.773425192,1.095502019,0.422471523,0
50231,1.568751812,5.613068104,0.819263725,0.645730972,0.422471523,0
29501,1.749101162,4.636145592,1.726787932,3.608070135,0.393339962,0
572,1.69841814,4.567456722,1.431265852,0.372911215,0.403093964,0
48547,1.932771444,4.922914505,1.361973572,0.649135113,0.406295419,0
23546,1.824257374,4.556794643,1.672165264,3.635281324,0.393339962,0
4034,1.819651604,5.115569115,1.441940431,1.733179808,0.403093964,0
25193,1.869978666,5.862967491,2.352710764,1.136570573,0.36828813,0
34927,2.147845984,5.102966309,1.820340979,0.846690953,0.39006713,0
16677,1.594443083,5.17320919,2.035941421,1.087430596,0.383578598,0
39340,1.918195009,4.928693771,1.49646876,0.885362804,0.399865955,0
5211,1.643659115,5.267414093,0.649126903,0.891640425,0.425813735,0
39341,1.891529799,4.970443249,1.488711677,0.768893361,0.399865955,0
4021,0.737689018,5.194632053,0.925875006,1.153994083,0.419157863,0
18650,2.072755098,5.26615572,1.535302562,0.800657034,0.399865955,0
4019,1.568147182,5.226066113,0.666313968,0.840277374,0.425813735,1
43812,1.47671032,4.462534904,1.36087953,2.517600298,0.406295419,0
57299,1.649423838,4.988639355,1.422435183,1.677350044,0.403093964,0
7970,2.010942936,5.705281734,2.370944822,0.476688206,0.36828813,0
42007,1.337784529,5.180119514,0.782834836,0.686420321,0.422471523,1
23547,1.152083158,4.165254116,1.649224175,1.880892038,0.393339962,0
41417,1.918195009,5.025205612,1.500551792,0.907042384,0.399865955,0
3974,1.268019438,4.059214115,1.699501615,2.005694389,0.393339962,0
17884,1.56165266,4.958309174,1.320014697,2.674626589,0.409481913,0
34928,2.091801882,5.021204472,1.808769064,0.208519295,0.39006713,0
25199,2.010942936,5.776803017,2.365384305,1.124869347,0.36828813,0
27407,1.07430625,3.685772181,1.628270953,1.144778609,0.396611869,0
34929,2.091801882,4.978839397,1.792182854,0.120160595,0.39006713,0
14425,1.993483543,5.27808094,2.190850954,0.549905598,0.377276957,0
14949,1.539397478,5.19026804,0.729263317,1.203754425,0.425813735,1
43811,1.47671032,4.356127739,1.348804751,2.543632984,0.406295419,0
35066,1.56165266,4.958309174,1.317989198,2.674626589,0.409481913,0
17313,0.976261854,4.648245811,1.245761413,1.038520098,0.412676007,0
32636,1.517262936,4.234824181,1.37361721,1.486632705,0.406295419,0
15413,1.97138238,5.471182823,2.115150632,0.396251529,0.380396217,0
8381,1.421040773,5.114426613,0.778187188,0.77358371,0.422471523,1
4590,0.823412657,4.583762169,1.189609471,1.201410174,0.412676007,0
4803,0.965090275,5.039987087,1.024091905,1.777784467,0.415898055,0
4594,1.300702095,4.688287258,1.279285786,1.356372833,0.409481913,0
4591,0.836311579,4.793510914,1.08665189,1.36629498,0.415898055,1
1961,1.853495598,4.893537045,0.561542259,0.044951368,0.429179996,1
14426,1.231693506,4.645871639,1.973998149,0.173273608,0.383578598,0
1957,1.709424019,5.06807518,0.618816507,0.212804809,0.425813735,1
15970,1.67337513,5.329378605,2.422799097,1.074944973,0.371232629,0
48938,1.539397478,5.291780472,0.748400668,0.672227979,0.422471523,1
21241,1.763460159,4.539197922,1.734717577,0.922087073,0.39006713,0
54172,1.868523598,5.03646946,1.828621811,0.596287191,0.39006713,1
15915,2.10707283,4.848596096,1.537039497,0.881236017,0.399865955,0
16651,1.579593658,4.541904449,1.59001773,1.608790755,0.396611869,0
16615,1.891529799,4.780647278,1.46152908,1.020537019,0.399865955,0
42008,1.375347376,5.140207767,0.824912236,1.292760968,0.422471523,0
12164,0.747550964,4.761525154,0.958392294,1.372109175,0.419157863,0
4791,1.154141426,4.031000137,1.658091977,0.841844559,0.393339962,0
8240,1.805345297,4.565062046,1.721665067,1.674916625,0.39006713,0
14080,1.586627007,4.340315819,1.347762264,0.633485734,0.406295419,0
25192,1.864156961,5.754372597,2.302563551,1.130059958,0.36828813,0
8239,2.0554564,4.819313526,1.494443798,0.498096108,0.399865955,0
11363,2.022875071,5.091276646,1.79701472,0.637551427,0.39006713,0
25198,1.795615911,5.614668369,2.277463361,0.934444368,0.365371138,0
29499,1.047931433,3.278741837,1.669483637,0.999622643,0.393339962,0
32601,2.068851471,5.038290024,1.503642603,0.457750052,0.399865955,0
38712,1.873787165,4.987952709,1.430960713,0.946587026,0.399865955,0
4031,1.472128868,4.672533512,1.28526455,1.069277883,0.409481913,0
25488,0.943080902,4.509797573,1.220391914,0.318338275,0.412676007,0
5145,0.824801207,4.911531448,1.104377157,1.726855516,0.415898055,0
7647,0.747550964,4.87287569,0.960233882,0.550586581,0.419157863,0
32252,1.296134472,4.441348076,1.262779929,1.009783149,0.409481913,0
30629,0.8742733,4.461382866,1.196168608,0.634024858,0.412676007,0
51784,0.829837322,4.849353313,1.114553546,1.698087096,0.415898055,0
12146,0.758618832,5.06246376,0.998040882,1.329001069,0.419157863,0
37538,0.80175209,5.065255642,1.039468623,1.413466096,0.415898055,0
14597,0.80175209,5.083734035,1.021925949,1.513986349,0.419157863,0
21245,1.554663181,4.879746914,1.859141433,0.228554338,0.386806041,0
19057,1.699379444,5.046563625,2.000871215,2.154434204,0.383578598,0
24736,1.400929928,4.976811409,0.768575707,0.62492317,0.422471523,0
621,1.528092146,4.870556831,1.854316421,0.154759794,0.386806041,0
9024,1.03777051,4.861463547,0.844108507,1.408705354,0.422471523,1
546,1.265184402,4.863786697,0.809252134,1.024067044,0.422471523,1
25489,1.166004181,4.489331722,1.196314574,0.435405463,0.412676007,0
4016,1.098465919,4.73161459,1.142411723,0.556637526,0.415898055,0
11366,1.756978989,4.855368614,1.787298016,0.993615866,0.386806041,0
9252,0.975441456,4.923141956,0.965177892,0.262196571,0.419157863,0
32602,2.188343287,5.036153793,1.474237037,1.473802209,0.399865955,0
38713,2.076627493,5.00236845,1.405710847,1.529084682,0.402446121,0
532,1.594542265,4.563090801,1.340538207,0.98566699,0.405713886,0
37537,1.192568541,4.985349178,1.033836568,0.253309429,0.418676615,0
619,1.804829121,4.978923798,2.252454071,1.164296627,0.376517951,0
54171,1.982912302,5.124619007,1.732914571,0.824862838,0.392519236,0
30630,1.338207722,4.74850893,1.156899801,0.510970652,0.415416479,0
23728,1.416634321,4.580552578,1.179812435,1.089935899,0.415416479,0
39574,2.244924545,4.990360737,1.353997907,0.715057492,0.405713886,0
45079,1.819444656,5.743930817,2.344116089,0.758627713,0.373508066,1
28853,1.690947294,4.587152481,1.313309192,0.639459789,0.405713886,0
25149,2.594062567,5.435676098,1.437563075,1.328819752,0.402446121,0
25490,1.41789341,4.595301628,1.170780247,0.980707467,0.415416479,0
25491,1.41789341,4.595301628,1.170780247,0.980707467,0.415416479,0
45082,1.813847303,5.597950935,2.357511661,1.191245556,0.373508066,0
45080,1.819444656,5.605364799,2.348916231,0.961889565,0.373508066,0
28878,1.343342781,4.108058453,1.293987281,1.790592313,0.408954412,0
17824,2.606582642,5.459616661,1.385384264,1.529084682,0.402446121,0
34661,1.416634321,4.593038082,1.174820352,1.089935899,0.415416479,0
34690,1.416634321,4.593038082,1.174820352,1.089935899,0.415416479,0
11367,1.730946064,4.839007378,1.756395118,0.535554051,0.392519236,0
28852,1.690947294,4.426422119,1.299381358,2.093088627,0.405713886,0
12457,2.072485685,5.665108204,2.269473297,0.303873241,0.370539069,1
49551,1.7325387,4.754799366,0.715262932,0.182190269,0.428626955,1
9268,1.035155058,4.825898647,0.89754855,0.730692625,0.425290436,1
9270,1.035155058,4.825898647,0.89754855,0.730692625,0.425290436,1
28877,1.343342781,4.039322376,1.279279072,2.198807478,0.408954412,0
25196,2.031648636,5.686044693,2.221389222,0.800512075,0.370539069,1
9273,1.084227085,4.754939079,0.88297531,0.624044895,0.425290436,1
34707,1.272565603,4.145745754,1.231615021,1.461942434,0.408954412,0
4033,2.465091228,5.474802971,1.366231419,1.337588549,0.402446121,0
45083,1.578313828,5.45785141,2.327162832,0.706452429,0.376517951,0
622,1.550175905,4.911312103,2.150807906,1.117937446,0.37959677,1
3923,1.157858372,4.757352352,1.852509193,0.394984782,0.385953665,0
14099,1.157858372,4.757352352,1.852509193,0.394984782,0.385953665,0
4020,1.174054384,4.804761887,0.830673703,0.151452363,0.425290436,1
45081,1.673351526,5.441771984,2.319326859,0.765069842,0.373508066,0
5595,2.468332529,5.461391926,1.342384945,1.405146837,0.405713886,0
17825,2.465091228,5.485013485,1.35080988,1.337588549,0.402446121,0
54580,1.170593262,4.920410156,0.985681443,0.392766535,0.421965986,0
4032,2.160324574,4.927052975,1.416260735,1.926661968,0.402446121,0
29489,1.604198933,4.80821228,1.129194813,0.211981907,0.415416479,0
14656,1.356438637,4.656378269,2.035707849,0.430176139,0.382740766,0
34708,1.272565603,3.776959658,1.22095005,1.461942434,0.408954412,0
11694,1.473569393,5.155707359,1.028553249,0.182740122,0.418676615,0
8237,2.468332529,4.91583395,1.326997846,1.437413216,0.405713886,0
41786,1.404957294,4.822271824,2.04856857,0.315131992,0.382740766,0
616,1.265477419,4.656942844,1.960060057,0.610251307,0.382740766,0
15414,1.702368259,5.337326527,2.306076554,0.300784945,0.376517951,0
29526,1.429926157,4.887341976,1.995692064,0.847742379,0.382740766,0
574,1.813072681,4.716121197,1.636836528,0.531917393,0.392519236,0
41552,1.429926157,4.738447189,1.975242302,0.662088156,0.382740766,0
51018,1.606306553,4.838422775,0.777647085,0.679737329,0.425290436,1
29490,1.590572834,4.775580883,1.10782796,0.290417969,0.415416479,0
41616,1.429926157,4.836643219,1.987669042,0.847742379,0.382740766,0
41784,1.571092129,4.763075352,2.054015438,0.278665483,0.382740766,0
41785,1.532885075,4.750478268,2.030277368,0.123434789,0.382740766,0
15308,2.384200335,4.956915379,1.314533366,0.138788,0.405713886,0
18822,1.590572834,4.805129051,1.109549505,0.363788307,0.415416479,0
29529,1.466749668,4.81398344,2.000485483,0.315101117,0.382740766,0
54581,1.176362991,4.874895096,0.973204004,0.73111999,0.418676615,0
11688,2.313509226,4.789942741,1.288025005,0.5741359,0.405713886,0
3774,1.197631359,4.163329601,1.524697877,1.025821686,0.395834893,0
41163,1.748801231,4.742115021,1.574551721,2.323889732,0.395834893,0
30626,1.602676868,4.731465816,1.502184156,1.489179015,0.399149865,0
19036,1.306323528,4.911463737,0.976744391,0.73111999,0.418676615,0
32400,1.702368259,5.450353622,2.297144017,0.486172438,0.376517951,0
3768,1.813072681,4.896038055,1.609465144,1.2109375,0.392519236,0
30043,1.702368259,5.475156784,2.291994817,0.665811718,0.376517951,0
573,1.928263187,4.552645683,1.430974764,0.60731411,0.399149865,1
18968,1.532885075,4.758876801,2.01439243,0.872028232,0.382740766,0
3972,1.602676868,4.731465816,1.501292471,2.782810688,0.395834893,0
38306,2.264522314,4.865533829,1.32759375,0.61753124,0.402446121,1
537,1.821913242,4.718793869,1.12456528,0.336454481,0.412181139,0
41162,2.384200335,5.127769947,1.31063131,0.138788,0.405713886,0
17288,1.15166235,4.769346237,0.897591104,0.621287346,0.421965986,0
535,1.49122262,4.95704031,1.03283268,0.218485147,0.418676615,0
44224,1.030002832,4.621468544,1.855292034,0.871425748,0.385953665,0
51019,1.606306553,4.726801395,0.763219004,0.836119592,0.425290436,1
41592,1.429926157,4.686318874,1.964489283,0.475652158,0.382740766,0
30627,1.602676868,4.785235882,1.499853217,2.782810688,0.395834893,0
29530,1.466749668,4.708867073,1.989314239,0.892402768,0.382740766,0
29527,1.429926157,4.71135664,1.978790754,0.881712317,0.382740766,1
31723,1.972780228,4.906862736,1.389597837,0.236801505,0.402446121,1
25200,2.101238728,5.800049305,2.001273798,1.339318871,0.358631968,1
15416,1.429926157,4.71135664,1.978743339,0.881712317,0.382740766,1
44223,0.901460409,4.676453114,1.843068642,0.871425748,0.385953665,0
624,1.766526937,4.735902309,1.732074382,0.551680803,0.389216751,0
1955,1.527010918,5.012129784,1.010413898,0.783571243,0.418676615,0
6461,2.242917061,5.065694809,1.470538387,1.187992096,0.399149865,0
4452,1.527010918,5.012129784,1.010212879,0.783571243,0.418676615,0
32401,1.611739159,5.34247303,2.270709457,0.808577299,0.376517951,1
1958,2.04537034,4.764103413,0.668566124,0.320462137,0.428626955,1
44073,1.707001209,4.901624203,2.103983392,1.362040758,0.37959677,0
3940,1.772277594,5.5499897,2.253002978,0.366992235,0.373508066,1
23403,1.912391424,4.583436966,0.635088377,0.456154704,0.431951702,1
3925,1.081695795,4.598248482,1.800302608,0.976654649,0.385953665,0
44222,1.063281536,4.652768612,1.845328,0.831313372,0.385953665,0
48915,1.69593215,4.923269749,0.725591831,0.583924472,0.428626955,1
21585,1.419444799,4.97195816,0.99112419,0.762849569,0.418676615,0
54224,1.878393412,4.829999924,1.631318097,0.435960084,0.392519236,0
56296,1.878393412,4.829999924,1.631318097,0.435960084,0.392519236,0
4802,1.668533325,4.860000134,1.054862878,0.361799777,0.415416479,0
39575,1.613380671,4.828266144,1.04784841,0.283205807,0.415416479,0
44074,1.707001209,4.920006275,2.11764665,0.267773449,0.37959677,0
44075,1.707001209,4.938199043,2.100038242,0.453859657,0.37959677,0
41946,2.113663435,4.662168026,1.272260216,3.408401966,0.405713886,1
14079,1.945979595,4.352330208,1.294384491,4.854344845,0.402446121,1
25202,2.460451126,6.159211636,1.966652266,0.128904089,0.358631968,1
12454,1.334588289,4.503285408,1.963479169,0.95717448,0.382740766,1
43461,1.040555,3.873153687,1.251551208,4.016899109,0.405713886,1
15113,2.095788956,5.013096809,1.438787261,0.81937629,0.399149865,1
44424,1.405099869,4.749033928,1.897014971,0.53947413,0.382740766,0
7792,1.629400015,4.622275829,0.740625634,0.526423275,0.428148389,1
50234,1.523280144,4.825156212,0.799025894,0.007891656,0.428148389,1
30934,0.975428104,3.410754204,1.361635916,1.249765038,0.401681393,1
618,1.840974569,5.547019482,2.156709951,1.046575308,0.372794181,1
7795,1.877381325,4.560945511,1.067415814,0.375168085,0.414839625,0
23402,2.329797506,5.110805035,0.604629951,0.71681571,0.434829891,1
27769,2.095788956,5.04278183,1.432222021,1.814553022,0.401681393,1
44425,1.53598547,4.793471336,1.898473298,0.18973811,0.385104924,0
27771,1.561792135,4.730924129,1.44794545,3.764961481,0.398333877,1
3951,0.9606359,4.660774231,1.835858941,0.986882865,0.388347268,0
4596,1.877381325,4.591958046,1.05637373,0.426317513,0.414839625,0
12153,1.877381325,4.591958046,1.05637373,0.426317513,0.414839625,0
15164,1.516844749,4.868887424,0.903266573,0.656564713,0.424780756,0
15114,1.561792135,3.940977335,1.452512887,3.764961481,0.398333877,1
42528,1.193875551,4.744450092,1.842612986,0.986882865,0.388347268,0
9644,1.800408363,4.752087593,1.694703927,0.517590165,0.391643554,0
4782,1.800408363,4.751867294,1.70607492,0.431482524,0.391643554,0
3769,1.895345926,5.021426201,1.489857649,1.38532722,0.398333877,1
14081,1.895345926,5.021426201,1.489857649,1.38532722,0.398333877,1
15400,1.040555,4.263552189,1.223382547,2.669722795,0.408303648,0
44426,1.405099869,4.720840931,1.877821548,0.464703768,0.385104924,0
7880,1.482300282,4.450236797,1.951203815,0.531126201,0.385104924,0
27770,2.095788956,4.873204231,1.430328577,2.913208961,0.401681393,1
578,1.187694311,4.063661575,1.191866054,2.386461973,0.408303648,0
615,1.084205866,4.457653999,1.754980009,0.768559933,0.388347268,0
560,2.246671438,4.70640707,0.599331453,1.119270802,0.431509107,1
25204,2.785056591,6.182215214,1.904134591,1.481348634,0.36072731,1
7421,1.838531494,4.595821857,1.708126938,0.298327595,0.391643554,1
47799,1.91917181,5.644544601,2.127731296,0.584168732,0.375792921,0
47798,1.821513891,5.539516926,2.118685491,1.463593483,0.372794181,0
37706,1.237523079,4.858691692,1.824267311,0.806479692,0.388347268,0
14082,2.088645697,4.970707417,1.317187684,1.403626323,0.401681393,0
38935,2.137369394,4.869984627,1.474265726,1.83774507,0.398333877,1
37689,1.929293871,4.840652466,0.980089283,0.420302182,0.418122143,0
51856,1.542684078,4.510268688,1.991194092,1.276972175,0.381934255,0
54220,1.542684078,4.510268688,1.991194092,1.276972175,0.381934255,0
54221,1.542684078,4.510268688,1.991194092,1.276972175,0.381934255,0
56700,1.929293871,4.82143116,0.975445486,0.728029072,0.418122143,0
31165,2.048000097,5.005517006,1.495136324,3.379794359,0.398333877,1
37705,1.025963783,4.18761301,1.813966125,2.44921875,0.388347268,0
57279,0.602417231,4.379785538,1.781690955,2.186412573,0.388347268,0
4783,1.714490891,4.730634212,1.610324786,0.357219249,0.394982547,1
17878,1.714490891,4.730634212,1.610324786,0.357219249,0.394982547,1
25214,2.156638622,5.608868122,1.892345441,0.727444232,0.36072731,1
39367,2.469223022,4.993938923,1.138981009,1.829226255,0.408303648,0
4597,1.972246408,4.6391325,1.010280344,1.180606484,0.414839625,1
47797,1.655313492,5.324128628,2.108340117,1.595546961,0.375792921,0
38979,1.68764329,4.59850502,0.956405389,0.541344345,0.418122143,0
14100,1.77733779,4.929181099,1.579172625,0.687605023,0.394982547,0
29493,1.913389921,4.715714455,0.979147181,0.863335907,0.418122143,0
6462,1.768505812,5.185625076,2.162941821,0.379752159,0.375792921,0
8236,1.823723793,4.641217232,1.549421763,0.860347688,0.394982547,0
37688,1.913389921,4.673667431,0.966107226,0.927474737,0.418122143,0
37696,2.43402338,4.999694824,1.234653898,0.525749385,0.405006945,1
39368,2.442503214,4.969752312,1.130654001,0.449497104,0.408303648,0
38936,1.520887852,4.676691532,1.475075315,3.379794359,0.398333877,1
25207,2.651536703,5.697027683,1.865065148,1.79170084,0.357617974,1
49618,2.295525312,5.151850224,1.336485638,0.909961641,0.401681393,0
9781,1.683792114,4.537986755,1.994297528,1.224119902,0.381934255,0
1954,1.456795931,4.516923904,1.38405016,2.47794342,0.401681393,1
45559,1.92856884,4.88337326,0.710580308,0.501466393,0.428148389,0
45558,1.852267504,4.876956463,0.742009945,0.298251629,0.428148389,1
3792,2.442713022,4.918786049,1.164817368,0.566124737,0.408303648,0
45544,2.389096498,4.893662453,1.152231193,0.463983387,0.408303648,0
8953,1.68764329,4.576505184,0.94111144,1.026998162,0.418122143,0
7881,1.687453747,5.011444569,2.099701569,0.957425117,0.375792921,1
9784,1.854019165,4.679489613,1.972972562,0.385560006,0.381934255,0
15917,2.279947281,5.104186058,1.513632015,1.280133963,0.394982547,1
43182,2.389096498,4.898893833,1.149982908,0.463983387,0.408303648,0
18539,1.531130314,4.48069191,2.013760517,0.5055722,0.381934255,0
5021,1.683792114,4.546248436,1.996473825,1.125125885,0.381934255,0
38976,1.610923052,4.515013218,0.930570415,0.522002757,0.418122143,0
37695,2.43402338,4.976614475,1.227395144,0.831166089,0.405006945,1
45557,1.852267504,4.835738659,0.736927115,0.298251629,0.428148389,1
37686,1.821907043,4.603539944,0.945814076,1.241697431,0.418122143,0
37687,1.913389921,4.6145854,0.94978313,1.186823726,0.418122143,0
39369,2.469223022,5.005509377,1.11074176,0.684484482,0.408303648,0
4017,1.610923052,4.500852108,0.92474952,0.522002757,0.418122143,0
9816,1.610923052,4.500852108,0.92474952,0.522002757,0.418122143,0
49619,2.477982998,5.241028786,1.336236564,1.049729824,0.401681393,0
18717,2.073801756,5.19583416,1.790191107,4.487257481,0.388347268,0
15176,2.501491547,5.021404266,1.094329891,0.388177782,0.411575556,0
29494,1.738399506,4.571160793,0.950402559,1.270433664,0.418122143,0
26756,2.368188858,4.94064045,1.274721674,0.458430856,0.405006945,1
14419,1.723434925,5.110765934,2.053079244,0.656669259,0.372794181,0
26757,2.220532417,4.922376156,1.293226509,0.717383564,0.401681393,0
30950,2.427067995,5.166833878,1.35931342,1.261253595,0.401681393,1
25215,2.259708881,5.758640766,1.844532377,1.017435431,0.36072731,1
37694,2.312402487,4.929649353,1.216326019,0.831166089,0.405006945,1
45545,2.290396929,4.855769634,1.127884738,1.12671864,0.408303648,0
56001,1.89018178,4.717639923,1.485645278,3.610326052,0.394982547,1
37693,2.312402487,4.910785675,1.20246865,0.857566595,0.405006945,1
18716,2.073801756,5.185635567,1.791834219,1.102486253,0.388347268,0
3785,1.763875246,4.610656261,1.994403274,1.089482427,0.381934255,0
5597,1.763875246,4.610656261,1.995420714,1.089482427,0.381934255,0
56000,1.70199132,4.700991154,1.498929425,1.799936414,0.394982547,1
14416,1.9399786,4.787960052,0.816369038,0.627554238,0.424780756,0
44036,2.126635313,5.162042141,1.911844919,1.369538784,0.385104924,0
24709,1.771510363,5.28384304,2.049601978,1.063051105,0.372794181,0
3789,2.297688484,4.80437088,1.233914504,0.129648402,0.405006945,1
18527,2.297688484,4.80437088,1.233914504,0.129648402,0.405006945,1
3965,2.213693857,5.1046772,1.380692242,3.371391296,0.398333877,1
45556,1.997604847,4.917391777,0.69977313,0.120610416,0.428148389,0
3948,1.149994612,4.703323841,1.923345837,0.42762807,0.366819292,0
44034,2.31931591,5.234977245,1.892818145,1.782709241,0.385104924,0
24712,1.771510363,5.327708721,2.046501524,0.922946274,0.372794181,1
18714,2.073801756,5.204959393,1.778740854,1.102486253,0.388347268,0
24710,1.723434925,5.269372463,2.030041189,1.25995481,0.372794181,0
12455,1.365931988,4.844233036,1.986126647,0.44596222,0.372794181,0
44035,2.680602074,5.260268211,1.90499308,0.540952384,0.385104924,0
25216,2.139001369,5.462900639,1.825338701,1.230785608,0.36072731,1
30674,2.45169878,4.891366959,1.019786547,1.862597823,0.411575556,0
1956,1.875043154,4.292704582,0.915956374,1.102425694,0.418122143,0
30951,2.589266539,5.238931179,1.33167613,0.352079034,0.401681393,1
39372,1.498554468,4.50942564,1.48521659,2.715401888,0.394982547,1
15944,1.911290169,5.159168243,1.743803911,1.15122807,0.388347268,0
30897,2.096916914,4.952493191,0.774359464,0.198952168,0.424780756,0
30635,2.181113958,4.735561371,0.917852972,1.593765378,0.418122143,0
39370,0.956875563,4.045414448,1.463818229,3.704612732,0.394982547,1
30345,2.034136057,4.536088943,0.955075334,2.027942896,0.414839625,0
17290,1.710467577,4.807895184,2.102362831,1.343429446,0.375792921,1
30344,1.143836975,3.644241095,0.961156423,1.695659757,0.414839625,1
617,2.263489962,4.617346287,1.854528536,0.852442563,0.385104924,0
19040,1.341540098,4.350372314,1.440648642,4.239730358,0.398333877,1
39337,1.134614944,4.861698627,1.61208508,4.850892544,0.391643554,0
39373,1.134614944,4.574422836,1.601248387,4.075388432,0.391643554,0
24711,2.073856115,5.368576527,2.009716662,0.912712574,0.372794181,1
39374,1.134614944,4.725103855,1.609939228,4.850892544,0.391643554,0
43737,2.087945223,5.070000172,0.781912004,0.462321669,0.424780756,0
39338,1.134614944,4.574422836,1.601008505,4.075388432,0.391643554,0
37734,1.134614944,4.861698627,1.614882864,4.850892544,0.391643554,0
37733,1.610226393,5.005702972,1.623840254,4.245499611,0.391643554,0
5025,1.710467577,4.957458496,2.09795915,1.343429446,0.375792921,1
3946,1.045255423,4.645430565,1.898594295,0.587257802,0.366819292,1
5269,1.721807957,4.690316677,2.101612355,0.719466329,0.378829271,1
26761,2.390472412,4.885000229,1.240008768,0.149824083,0.401681393,1
26762,2.229269743,4.839480877,1.257488196,0.930365622,0.401681393,1
31724,2.373111248,4.963914871,1.281224634,1.75668931,0.401681393,1
43736,2.096916914,5.104807854,0.768976744,0.198952168,0.424780756,0
12456,1.048191071,4.538526058,1.936535125,1.988936901,0.369808733,1
3781,1.710467577,4.985128403,2.096896636,1.343429446,0.375792921,1
39371,0.956875563,3.952857256,1.465605226,3.58246994,0.394982547,1
8113,1.039405346,4.565042019,1.876624088,0.816189885,0.366819292,1
56297,1.632069826,4.866875172,2.104100133,1.180013418,0.375792921,1
24713,2.080193043,5.454902172,2.018206854,0.282417476,0.372794181,1
30675,2.234219551,4.819842339,0.980605138,3.873841286,0.411575556,0
39576,2.016065121,4.943347931,0.793519122,0.292780161,0.424780756,1
34609,1.840893984,4.019389153,0.961773058,3.305023432,0.414839625,1
15901,2.301154137,4.921934605,0.62504216,1.073212743,0.428148389,1
30676,2.45169878,4.923515797,0.999398815,1.688156724,0.411575556,1
37735,1.610226393,5.248466492,1.617655272,0.415673733,0.391643554,0
3780,1.632069826,4.885305405,2.111509354,1.565757275,0.378829271,1
42802,1.717788219,4.211760521,0.879774241,0.513568103,0.420738131,0
41572,1.801442862,4.599076271,0.85149711,0.676301241,0.424108893,0
57029,2.147306681,4.906289577,0.670635223,0.828676701,0.430950195,1
44713,2.310250521,4.793924809,1.206103738,0.573148847,0.407531649,1
30343,1.45862937,3.132386923,0.937306932,0.66273284,0.417414218,1
31772,1.942508698,4.533590317,0.854523353,0.541127741,0.420738131,0
49273,1.913249016,4.897495747,1.57381995,3.089442253,0.394088417,0
25210,2.160273075,5.560882568,1.777257034,0.781416774,0.359665394,1
609,1.895885706,4.633872032,2.122839365,1.473905921,0.381164849,1
5307,1.891109467,5.17911768,1.598526764,0.98012048,0.394088417,0
32562,2.316182375,4.759641647,1.01510822,0.774126768,0.414124519,1
30634,1.868282318,4.601595402,0.880379592,1.773652792,0.420738131,0
4026,2.546021461,4.804517746,0.989459388,1.688156724,0.414124519,1
15393,1.614324331,4.44980526,1.439624913,4.254683971,0.397455603,1
49272,1.891109467,5.120691299,1.580071665,2.271831989,0.394088417,0
34610,1.642505646,3.980771542,0.943866401,6.170670986,0.417414218,1
51799,2.493191719,4.675817966,0.513516788,0.759705007,0.434360415,1
10864,2.643843889,4.683227539,0.451948278,0.794160008,0.437705994,1
30342,1.45862937,4.594956875,0.921930453,6.84157753,0.417414218,0
5308,1.79151082,5.081555843,1.627562747,0.519330382,0.394088417,0
3778,1.895885706,4.891674519,2.120784318,1.646995664,0.381164849,1
5505,1.895885706,4.891674519,2.120784318,1.646995664,0.381164849,1
15412,1.895885706,4.871468067,2.118464333,1.473905921,0.381164849,1
19034,2.546583891,4.76111412,0.489078028,1.09445703,0.434360415,1
23561,2.893018484,5.313877583,0.592321102,2.137181282,0.430950195,1
39577,2.116764545,4.908336163,0.766425883,0.687951088,0.427519292,0
4801,2.235532761,4.616080284,1.150746221,0.202424049,0.407531649,1
44712,2.310250521,4.734992981,1.193152556,0.942533374,0.407531649,1
49282,2.256054401,4.960508347,1.409765606,2.47070837,0.400830984,1
39375,1.891109467,5.109283447,1.580785461,0.794552684,0.394088417,0
39336,1.891109467,5.109283447,1.581208088,1.071036339,0.394088417,0
10866,2.643843889,4.786913872,0.446676674,0.678634822,0.437705994,1
49251,2.316182375,4.561040401,1.011390873,0.334121317,0.414124519,1
48972,1.891109467,5.087745667,1.571995153,0.794552684,0.394088417,0
36972,2.82329917,5.177712917,0.620329894,1.871371388,0.430950195,1
21229,2.287642479,4.863109589,0.692467244,0.853012741,0.427519292,0
42188,2.030292034,4.779305935,0.786148871,0.219333678,0.424108893,0
42187,2.099465132,4.712618828,0.771368803,0.566111803,0.427519292,0
39327,2.142826796,5.183835506,1.957037271,2.756569386,0.384298146,1
3962,2.192087412,4.586661816,0.990850368,0.640667498,0.414124519,1
6127,1.758684158,4.847256184,2.086596758,1.545199633,0.381164849,1
49250,2.316182375,4.657402515,1.001295228,0.319350243,0.414124519,1
9375,2.256054401,4.89738369,1.412159255,2.47070837,0.397455603,1
45548,2.546021461,4.824062347,0.966813951,1.936625838,0.414124519,1
3787,2.42832303,5.332939625,2.009814195,0.214629114,0.384298146,1
49271,1.726977348,5.052745342,1.560327399,1.091661692,0.394088417,0
37692,2.220417261,4.521159172,1.03911306,0.395348877,0.410838097,1
6128,2.309493542,5.018432617,2.101944546,1.584724069,0.381164849,1
10807,2.739178419,4.849083424,0.464655279,0.90860647,0.434360415,1
49281,2.675167799,4.99557066,1.403763062,2.47070837,0.400830984,1
27190,2.803003073,5.049494743,0.920944526,1.990616918,0.417414218,1
48973,2.116044283,5.004856586,1.745754272,0.217607111,0.39076364,1
45546,2.834704161,5.107679367,0.94404453,0.846271276,0.414124519,1
9372,2.308781862,4.854261875,1.415068865,1.227658391,0.397455603,1
45547,2.647081137,4.989932537,0.950333436,1.282680392,0.414124519,1
7468,2.146508217,5.058596611,1.730155319,0.217607111,0.39076364,1
3783,2.146508217,5.058596611,1.730373699,0.217607111,0.39076364,1
25211,2.261104345,5.612220287,1.740056545,0.564864755,0.362845123,1
3952,2.684850931,5.208534241,1.894086708,0.004210311,0.384298146,0
11076,2.684850931,5.208534241,1.894086708,0.004210311,0.384298146,0
9894,1.79974699,4.999698162,1.964882987,2.398146629,0.375072598,1
39328,2.548741341,5.172661304,1.948177406,2.137791872,0.384298146,1
42189,2.099667311,4.68119812,0.763584291,0.917338908,0.424108893,1
37691,2.220417261,4.511714458,1.026524408,1.233476639,0.410838097,1
44406,2.363986254,4.715575695,1.185200299,1.282299399,0.404195428,1
10828,2.736179352,4.746736526,0.405826973,0.942746997,0.437705994,1
10863,2.736179352,4.746736526,0.405826973,0.942746997,0.437705994,1
16670,2.37849617,5.10453701,1.984325189,0.878348231,0.384298146,1
44405,2.27900815,4.823067665,1.201762091,1.265737057,0.404195428,1
49239,2.675167799,5.215326309,1.377825482,0.780271053,0.400830984,1
42277,2.306401491,4.967329502,1.790366419,0.317655772,0.387495995,1
576,2.27900815,4.479139805,1.209793921,0.193522334,0.404195428,1
42278,2.306401491,4.926521778,1.804153044,0.446979284,0.387495995,1
18538,1.975713968,4.851690292,1.465851743,1.543856502,0.397455603,1
48974,2.116044283,5.016552448,1.739392777,0.728448272,0.39076364,1
9370,2.675167799,5.20718956,1.390569778,1.170709252,0.397455603,1
51800,2.600901604,4.519304752,0.461674414,0.205803752,0.434360415,1
10818,2.739178419,4.885069847,0.440049019,0.745904267,0.434360415,1
38257,2.431388855,4.73912859,0.636184283,1.203351736,0.430950195,1
11659,2.259502172,4.464680672,1.100714134,1.224963307,0.407531649,1
6126,2.265212774,5.063173771,2.037575331,1.737818599,0.381164849,1
29958,2.119333744,4.552511215,0.87496238,1.343852997,0.417414218,1
51855,1.914469719,5.173122883,1.996775886,1.592831373,0.378100812,1
54222,1.914469719,5.173122883,1.996775886,1.592831373,0.378100812,1
43566,2.781107426,5.25,1.906595715,0.618308246,0.384298146,0
39334,1.971719742,5.105471611,1.510521035,0.933168769,0.394088417,1
15391,2.27393651,4.851881027,1.321236679,1.108344555,0.400830984,1
16652,2.27393651,4.851881027,1.321236679,1.108344555,0.400830984,1
37690,2.008018494,4.418442249,1.007158058,0.953564048,0.410838097,1
6125,2.51293087,5.194339275,1.99322598,0.561701417,0.384298146,1
15128,1.975482702,4.785278797,0.839856017,3.526581526,0.417414218,0
4012,2.724804878,4.885374546,0.515505357,0.824243069,0.434360415,1
48975,2.017632246,5.001362324,1.727736518,0.454743683,0.39076364,1
5304,1.997562408,4.456623077,1.122827878,1.089642525,0.407531649,1
44407,2.119782925,4.737551689,1.183591818,1.237426758,0.404195428,1
4023,1.770931244,4.251432896,0.849576775,3.447851181,0.417414218,0
3782,1.25660491,4.843063831,1.799248939,1.005510926,0.369027972,1
12173,1.25660491,4.744511127,1.796735049,1.005510926,0.369027972,1
42279,2.237851381,4.960000038,1.793665674,0.137083635,0.387495995,1
38256,2.244086504,4.690271378,0.655111928,0.753331304,0.427519292,1
42276,2.09651041,4.975267887,1.775774928,0.390311718,0.387495995,1
4637,1.820198536,4.2852211,1.041053591,0.995301545,0.410838097,1
39335,1.971719742,5.018983364,1.525541922,1.023905277,0.394088417,1
29957,2.119333744,4.225131989,0.859072995,3.802380562,0.417414218,0
43564,2.699110031,5.184702873,1.88078249,0.237352297,0.384298146,1
27192,2.229994059,4.408526421,0.882889965,2.198637962,0.417414218,1
51104,1.984120846,4.965469837,1.712746062,0.454743683,0.39076364,1
575,2.229608059,4.936223507,1.39880711,0.619452596,0.397455603,1
10862,2.847012043,4.773260117,0.385136426,1.08010602,0.437705994,1
15175,2.170414448,4.599726677,1.263019363,1.093602777,0.404195428,1
11221,2.131963968,4.527557373,1.228765041,1.298266649,0.404195428,1
43565,2.781107426,5.315051079,1.903230845,0.618308246,0.384298146,1
12167,1.997562408,4.252414227,1.124837049,0.710856974,0.407531649,1
30654,2.842814922,5.03136158,0.526259458,2.013422489,0.430950195,1
10824,2.955178499,4.929621696,0.417934612,0.491796553,0.434360415,1
41788,1.938109875,4.879444599,1.455013992,1.330609918,0.397455603,1
30653,2.724804878,4.860888481,0.504711675,0.479247719,0.434360415,1
16565,2.339576721,4.251766682,0.877086422,1.332210064,0.417414218,0
41787,1.74528861,4.604221821,1.426711916,0.452537179,0.397455603,1
4656,2.237851381,4.967817783,1.797157559,0.648364365,0.387495995,1
612,1.78706336,5.358073235,1.912950235,1.354118466,0.375072598,0
10822,2.955178499,4.894193172,0.39412834,0.071339428,0.437705994,1
4457,2.781107426,5.309250832,1.905788804,0.170579135,0.384298146,1
16672,1.458087206,5.117390156,1.782886575,1.362797618,0.369027972,0
51103,2.017632246,4.93053484,1.70876288,0.391870439,0.39076364,1
577,2.305416822,4.459133625,0.911372844,0.875034869,0.414124519,0
533,2.305416822,4.459133625,0.910905497,0.875034869,0.414124519,0
25212,2.308055639,5.143555164,1.686968152,1.653804779,0.362845123,1
4011,2.244086504,4.725243092,0.623511646,0.765241265,0.427519292,1
8238,1.996568203,4.202762127,1.071121797,0.176943675,0.407531649,1
30014,2.536729813,4.927822113,1.357989203,0.48549667,0.397455603,1
57028,2.904977083,5.075897217,0.580014623,0.407714009,0.430950195,1
16676,1.704058886,5.051289558,1.81003064,1.089695811,0.372054219,0
25495,2.251534224,5.000973701,2.021386047,0.960506022,0.381164849,1
30020,2.212343931,4.844923496,1.381721969,0.746631265,0.397455603,1
39383,2.049086809,4.100811481,1.014355197,0.579633236,0.410838097,1
4634,2.011282682,4.229579926,1.075302719,0.293854356,0.407531649,1
15168,2.536625624,4.759730816,0.895372694,0.875034869,0.414124519,0
11224,2.139461279,4.402609825,1.114628901,0.567928553,0.407531649,1
534,1.848571062,4.001893044,0.781088527,0.294078231,0.420738131,0
4785,2.033860207,4.193823814,0.987840838,0.319748431,0.410838097,1
32333,2.033860207,4.258097649,0.997566656,0.428000629,0.410838097,1
17338,1.996567011,4.331742287,0.696379631,0.261327714,0.427519292,1
17335,1.930058956,4.3028512,0.705071325,0.261327714,0.427519292,1
4615,2.109071732,4.314461231,1.088015577,0.346092582,0.407531649,1
27185,2.373923302,4.509082317,0.803204537,3.004209518,0.417414218,0
12450,2.536625624,4.64532423,0.898828545,0.875034869,0.414124519,0
52396,1.869836569,4.797321796,1.617279963,0.479467601,0.39076364,1
8827,2.005784512,4.361198902,0.675017275,0.076535858,0.427519292,1
547,2.958868742,5.134366512,0.550634848,0.634965479,0.430950195,1
9027,2.079294205,4.392941475,0.740496907,0.966808558,0.420738131,0
32334,2.033860207,4.235162258,0.997009158,0.488518894,0.410838097,1
38444,2.212343931,4.788161278,1.364120159,0.616191506,0.397455603,1
39572,2.821805954,4.973263741,0.499445452,0.759277821,0.430950195,1
39384,2.049086809,4.254444599,1.007739163,0.791451395,0.410838097,1
17337,1.996567011,4.326878071,0.693401945,0.261327714,0.427519292,0
14948,2.790547609,4.756103516,0.471478179,0.502865851,0.434360415,1
3942,1.696527958,5.327971458,1.750187035,0.603608489,0.369027972,0
14088,1.696527958,5.327971458,1.750187035,0.603608489,0.369027972,0
11945,2.571392059,4.884439945,0.870194414,0.764101028,0.414124519,0
7879,2.225431919,4.863665104,1.784786241,0.487543553,0.387495995,0
42048,2.329913616,4.410419464,0.916325088,0.640412986,0.414124519,0
3777,2.212275028,5.363504887,1.941885226,1.586282253,0.378100812,1
14422,1.741378069,4.799330235,1.826970108,1.989683747,0.372054219,0
15403,2.604632854,5.234058857,1.943276033,1.649554372,0.384298146,1
8828,2.005784512,4.420507431,0.661613168,0.055653423,0.427519292,0
32569,2.06042695,4.501357555,0.742341592,1.244414806,0.420738131,0
38443,2.212343931,4.830807686,1.34292093,0.625022471,0.397455603,1
15409,2.633760929,5.080813408,1.827795809,1.00145328,0.387495995,0
4589,2.279379845,4.448295116,0.608342848,0.187856868,0.427519292,0
39385,2.078067541,4.217968464,0.990262364,0.407853246,0.410838097,1
25213,2.136827707,5.319217205,1.651338199,0.549530387,0.362845123,0
38445,1.950866461,4.760963917,1.36153958,0.616191506,0.397455603,1
17334,2.105887175,4.387805939,0.679872678,0.101697646,0.427519292,0
32409,2.13344717,4.191936493,0.97235383,0.236619726,0.410838097,1
42046,2.08369875,4.369798183,0.898073876,0.68155688,0.414124519,0
42047,2.08369875,4.310540676,0.91659102,0.753762543,0.414124519,0
30461,2.795217037,5.208584309,0.531118767,1.835247159,0.430950195,0
30460,2.454661608,5.075862408,0.562401993,2.189256907,0.430950195,0
19032,2.791990757,4.707617283,0.460589773,0.443877071,0.434360415,1
6457,2.105887175,4.389985085,0.677323123,0.101697646,0.427519292,0
6458,2.105887175,4.389985085,0.677323123,0.101697646,0.427519292,0
27188,2.682880878,5.075145721,0.769710998,1.026599169,0.417414218,0
4599,2.574665546,4.742636204,0.85386866,1.030091405,0.414124519,0
613,1.739144802,4.644416809,1.756669351,0.858367205,0.387495995,0
611,1.66774559,5.475897312,1.752384096,1.129245996,0.372054219,0
40851,2.570770025,5.331858635,1.979932222,2.014565229,0.381164849,0
41782,1.94798708,4.832680225,1.445643775,0.753212869,0.394088417,1
17336,2.065677881,4.383512497,0.677812126,0.263019949,0.427519292,0
40855,2.570770025,5.292915344,1.986441557,2.014565229,0.383534193,1
17333,2.105887175,4.398088932,0.665112778,0.263019949,0.430136055,0
45542,2.642565727,5.358510017,2.012517413,0.563026786,0.383534193,1
44022,2.791990757,4.753289223,0.457121373,0.441466987,0.43710658,1
44021,2.838609695,4.937874317,0.472723027,0.230741784,0.433633447,1
40852,2.551171303,5.359773636,1.966800179,0.136693314,0.383534193,0
614,1.709770918,4.62486887,1.492110559,0.402458906,0.396552205,0
14418,1.724174261,4.507070541,1.650478925,0.524965584,0.393205464,1
16657,2.063920498,4.071870804,1.12874587,0.695044339,0.406687319,1
31743,3.105985165,5.040309429,0.409136999,0.654451668,0.43710658,1
43475,1.966018677,4.71449995,1.399178324,0.917868555,0.399937332,0
40856,2.570770025,5.265470028,1.972712089,0.090199381,0.383534193,0
11277,2.112369299,4.304393291,0.616692962,0.309953243,0.430136055,0
15943,1.718318224,4.430140972,1.592424834,0.96397686,0.393205464,1
3955,2.701526165,5.069948196,1.882430586,0.333131611,0.386695534,1
39573,2.872698784,4.847651482,0.430735062,0.76032567,0.43710658,1
7961,2.273189783,5.668960094,1.785422936,2.406676054,0.374343306,0
15920,2.190864325,4.607724667,1.312416412,0.66042769,0.399937332,1
37130,2.634881973,5.059127808,1.856996557,0.323958427,0.386695534,1
41781,1.853453398,4.752049923,1.424806285,0.716088355,0.399937332,0
40853,2.591818094,5.32801199,1.954311023,0.136693314,0.383534193,1
56702,1.883260727,4.009654045,0.71674042,0.611466825,0.42323941,0
43476,1.875953436,4.540805817,1.378447308,0.551643848,0.399937332,0
44020,2.978290081,4.976681709,0.461283474,0.230741784,0.433633447,1
23494,2.295417309,4.12026453,0.733982583,2.634583712,0.419889003,0
45543,2.712711096,5.348289967,1.986837218,0.257064939,0.383534193,1
5316,2.550331831,5.311221123,1.926576098,0.42024523,0.380443513,0
25073,2.387009621,4.620033741,0.791275235,0.378550589,0.419889003,0
40857,2.630524397,5.271770954,1.96581106,0.232800782,0.383534193,1
4013,2.594867229,4.55729866,0.505078438,0.360311419,0.433633447,0
40854,2.591818094,5.260335922,1.950223623,0.296243846,0.383534193,1
57139,2.272536755,4.588081837,1.274118019,0.507362247,0.403322875,1
30820,2.50609374,4.621168613,0.529979061,0.707185566,0.433633447,0
4056,1.560665369,3.658608198,1.038042204,1.377686381,0.410014659,1
4054,1.658456326,3.710597515,0.997633393,1.096322536,0.410014659,1
4061,1.761630535,3.853463173,0.954643104,1.072113872,0.413309425,1
4062,1.992543221,3.924155712,0.912082316,1.010925055,0.413309425,0
11286,2.248967409,4.369015694,0.623904722,0.79004091,0.430136055,0
37131,2.634881973,5.032107353,1.850476606,0.239286914,0.386695534,1
8235,1.853453398,4.625925064,1.423221347,0.107424296,0.396552205,0
3786,2.259361506,4.376594543,1.231219786,1.400859952,0.403322875,1
41956,2.872698784,4.694054127,0.424106876,0.909385264,0.43710658,1
25072,2.026198626,4.384903431,0.770898282,1.96972537,0.419889003,0
25497,1.82991147,4.572424412,1.485586716,0.157797888,0.396552205,0
39004,2.107373714,4.041419506,0.842617449,0.251314968,0.416590214,0
18646,1.892799616,4.569562912,1.463413609,0.40666011,0.396552205,0
11295,2.197833061,4.290098667,0.607734033,0.621934533,0.430136055,0
11296,2.197833061,4.309708595,0.588049284,0.519449055,0.430136055,0
23487,1.872527599,4.057435513,0.706243282,1.155690551,0.419889003,0
7822,2.147771597,5.613327503,1.675057431,0.295317262,0.371281713,0
39005,2.113441706,4.112293243,0.859935135,0.190210074,0.416590214,0
16968,2.140329599,4.33438921,0.620592874,0.319397449,0.430136055,0
3784,1.967139482,4.295828819,1.210412609,1.047448754,0.403322875,1
3779,1.900504351,4.169737816,1.154009526,0.904289007,0.406687319,1
16821,2.048923254,4.143048763,0.64788612,1.123766899,0.42323941,0
54542,2.103465319,4.473034859,1.251042697,1.31807971,0.403322875,1
38928,2.685806036,5.12085247,1.93931892,0.42224893,0.386695534,1
54543,2.174339294,4.547673702,1.26621312,0.738117516,0.403322875,1
44018,2.803313255,4.60725975,0.426255241,0.7153458,0.433633447,1
44019,2.803313255,4.60725975,0.426494829,0.7153458,0.433633447,1
12449,2.488985538,4.467991829,0.485637836,0.3651959,0.433633447,0
15179,2.119247198,5.371883869,1.759925042,0.80533421,0.377389312,0
4024,1.948328018,3.710307837,0.713298359,0.820196152,0.419889003,0
7796,1.948328018,3.728293896,0.70439149,0.820196152,0.419889003,0
25498,1.82991147,4.534072876,1.482214312,0.249282718,0.396552205,0
54544,2.174339294,4.442781925,1.254668503,0.625937223,0.403322875,1
7794,2.803313255,4.523202419,0.414621914,0.7153458,0.433633447,1
22254,2.392391205,4.248158455,0.513146211,0.483836353,0.433633447,0
18648,1.892799616,4.613028049,1.445643432,0.501694918,0.396552205,0
16557,2.121148348,4.154372215,0.789764968,0.422254086,0.416590214,0
42301,2.160123348,4.552179813,1.276502483,0.453045934,0.399937332,0
27835,1.92852354,4.006538868,1.050783952,0.155643508,0.406687319,0
54223,2.116043329,4.373700142,1.23023703,0.882311583,0.403322875,1
6459,1.522807479,3.833949089,0.708014195,0.282205909,0.419889003,0
57840,2.502539873,4.365700245,0.492515283,0.517745912,0.433633447,0
21232,1.99211669,3.781806469,0.658925974,1.048826933,0.42323941,0
42299,2.160123348,4.602553844,1.288971198,0.674000084,0.399937332,0
28582,2.124488115,4.210207939,1.18559843,0.236749381,0.403322875,0
14045,2.807003498,4.558095455,0.404338791,0.159266621,0.433633447,1
46140,2.065722227,4.184619427,1.138908517,0.247451752,0.406687319,1
38974,2.392474174,4.317079544,0.512724488,0.383873135,0.430136055,0
538,2.132403135,4.144341469,0.586945397,0.396462083,0.426659882,0
44374,2.065722227,4.184619427,1.138232153,0.432105452,0.406687319,1
32758,1.522807479,4.183887005,0.695907926,5.121211529,0.419889003,0
57842,2.608858347,4.434136868,0.472677804,0.397206724,0.433633447,0
27424,2.132403135,4.124644756,0.583427868,0.285120904,0.426659882,0
12452,2.366214514,4.74599123,1.943176176,1.395182729,0.383534193,0
19651,2.164932251,4.203526974,0.596923533,0.963054895,0.426659882,0
41963,2.270644903,4.309694767,0.609149323,1.589548826,0.42323941,0
32759,1.522807479,2.953799486,0.698152107,2.625959635,0.419889003,0
42300,2.007189035,4.550000191,1.281995404,0.674000084,0.399937332,0
38314,2.109026909,4.315711498,1.191880253,0.769737542,0.403322875,0
42302,2.160123348,4.600671768,1.264934106,0.13758029,0.399937332,0
11911,2.418923378,4.761134148,1.809600015,0.531951189,0.386695534,1
38975,2.502539873,4.358246803,0.494677337,0.47554028,0.433633447,0
42263,2.438061237,4.856770992,0.678553887,3.656148195,0.419889003,0
42260,2.438061237,4.598819256,0.670464521,3.656148195,0.419889003,0
28583,2.109026909,4.362876892,1.175259663,0.063551217,0.403322875,0
38429,2.160123348,4.516945839,1.265200099,0.101113729,0.399937332,0
11215,3.041610241,4.587852001,0.320000224,0.835799038,0.43710658,1
57841,2.608858347,4.433731556,0.463370046,0.281682163,0.433633447,0
4057,1.512243748,3.546508312,0.976264613,0.203100145,0.410014659,0
15922,2.105252504,4.070683479,0.789389068,0.330697745,0.416590214,0
4053,1.602089882,3.633616686,0.927255323,0.224494576,0.410014659,0
44373,2.078865528,4.177545071,1.117518867,0.400470912,0.406687319,1
19654,2.378365517,4.250105858,0.574118565,0.541833878,0.426659882,0
46139,2.050082684,4.196754456,1.114917507,0.400470912,0.406687319,1
27423,2.251961231,4.147699833,0.557243643,0.194064185,0.426659882,0
38428,2.065206528,4.562383175,1.268260754,0.608797431,0.399937332,0
32751,1.79003644,3.309307814,0.675593171,1.402436972,0.419889003,0
38430,2.265034676,4.558612823,1.244739304,0.101113729,0.399937332,0
32752,1.79003644,4.856116295,0.67025373,6.217709064,0.419889003,0
53768,2.325273514,4.730000019,1.796313859,0.616225719,0.386695534,1
41964,2.561571598,4.434914589,0.580819585,0.914265275,0.426659882,0
38315,2.210773706,4.389008999,1.176471973,0.063551217,0.403322875,0
8182,1.614005327,4.448625088,1.490049167,0.46514222,0.358447492,0
15397,1.810171127,3.719388723,1.046691998,1.114430189,0.406687319,1
37732,1.937320709,4.491859436,1.720781966,1.368256092,0.389919758,0
7418,3.076870441,4.607735634,0.244667506,1.471905112,0.440499634,1
11216,2.98993206,4.404655457,0.292801548,0.964329541,0.43710658,1
45099,2.160446882,4.20814991,1.140047697,0.584055364,0.403322875,0
57843,2.787042379,4.612204552,0.435541612,0.243560463,0.433633447,0
21242,2.017339706,4.416476727,1.413553666,0.863290131,0.396552205,0
42261,2.9542346,4.844042301,0.640724371,0.168798402,0.419889003,0
42262,2.9542346,4.855174541,0.646006661,0.168798402,0.419889003,0
16223,2.741579056,4.427939892,0.410070742,0.331420153,0.433633447,0
581,1.781718969,3.751245975,0.862582755,0.644611299,0.413309425,1
57839,2.491351604,4.269020557,0.497397275,0.584678352,0.430136055,0
57844,2.668449402,4.579607964,0.450681794,0.528867304,0.433633447,0
19645,1.79003644,5.098015785,0.648941123,5.315385342,0.419889003,0
16826,2.065206528,4.433395386,1.25673758,1.015452266,0.399937332,0
37731,2.168205261,4.552921295,1.724776748,1.524178863,0.389919758,0
15571,2.4484303,5.005307198,1.831440901,0.528565168,0.380443513,0
31799,1.816456556,3.790819168,1.009333423,0.798174441,0.406687319,1
31800,1.881796598,3.831191301,0.985510168,0.586277902,0.410014659,0
53767,1.950727463,4.515232563,1.780638893,1.189126611,0.386695534,1
16661,2.166550159,4.337027073,1.846330832,0.54094243,0.386695534,1
15305,2.959689617,4.195065975,0.307517752,0.50725168,0.43710658,1
16648,2.959689617,4.195065975,0.307517752,0.50725168,0.43710658,1
3954,1.83093667,4.422246933,1.734347152,1.330638409,0.392376304,0
4784,1.699464321,4.408394337,1.694453251,1.120330572,0.392376304,0
37711,1.83093667,4.49998951,1.713198227,1.374280453,0.392376304,0
35080,2.469222069,4.413575649,0.690158295,0.035221688,0.418992192,0
45100,2.147167444,4.226855278,1.120986344,0.425129443,0.405813485,0
5973,2.792529106,4.334686279,0.379211059,0.516866744,0.436191857,0
14049,2.959689617,4.484956264,0.300835321,0.50725168,0.439722985,1
46061,2.97364831,4.391629696,0.259185784,0.402342081,0.439722985,1
15406,1.83093667,4.004526138,1.73064848,1.330638409,0.392376304,0
29422,2.426313877,4.43651247,0.707876266,0.656854689,0.418992192,0
29969,2.426313877,4.327419758,0.720401757,0.639101505,0.418992192,0
25499,2.635766983,4.771409988,0.637469332,6.68010807,0.422282755,0
21243,1.748188496,3.98674798,1.548089793,1.307644367,0.395678371,0
16674,2.431886911,4.69470644,1.814047798,0.852509201,0.382827401,0
15410,1.990691662,4.504877567,1.639078949,0.398778796,0.376681834,0
35081,2.469222069,4.387464523,0.666622806,2.101549864,0.422282755,0
15171,2.907283783,4.963863373,0.613010033,0.803444266,0.422282755,0
3956,2.038043261,4.422951698,1.305568714,2.206506491,0.402430475,0
35082,2.020444632,4.385484695,0.668487809,0.425444275,0.418992192,0
4058,1.568032146,3.500547409,0.916806602,0.355176389,0.412468255,0
46062,3.11949873,4.341225147,0.236328521,0.110668801,0.439722985,1
15401,1.730511189,4.04769516,1.455918795,0.300115377,0.395678371,0
3791,2.056198597,4.486650467,1.717157033,0.73011905,0.392376304,0
25500,3.04816246,5.070222378,0.615869731,2.040196419,0.422282755,0
7878,1.544026136,3.795486927,1.595615932,0.544419169,0.392376304,0
25501,1.896681905,3.805563688,0.953790288,0.202916771,0.409163922,1
580,1.747008204,3.641877651,0.988313039,0.645572126,0.409163922,1
25502,1.878297925,3.797556162,0.967495434,0.389367074,0.409163922,1
40319,3.04816246,4.95913744,0.614049072,2.040196419,0.422282755,0
29966,2.530271053,4.442872524,0.689907815,0.767581165,0.418992192,0
54830,2.751605988,4.554909706,0.564751856,0.268304348,0.422282755,0
11915,1.941028357,4.415709019,1.666501215,0.793383598,0.392376304,0
5972,2.639413357,4.065180302,0.386207034,0.469732225,0.436191857,0
16660,2.218305588,4.391833782,1.849096711,0.6734519,0.3859424,0
15902,3.399113655,4.307341576,0.215727624,0.949188113,0.439722985,1
5970,3.044289589,4.290203094,0.287614295,0.383351594,0.439722985,0
16654,2.026611328,3.831594229,1.143407296,0.243730336,0.405813485,0
608,1.459144831,3.705559254,1.606297885,0.419531465,0.392376304,0
16225,2.635140419,4.39701128,0.661414083,0.610176563,0.418992192,0
11222,1.909575343,3.696451664,0.993390777,0.159821659,0.409163922,0
44272,1.766021729,3.699655294,0.770164337,0.411297679,0.415734053,0
579,2.03268218,3.96404171,1.190419396,0.450924128,0.402430475,0
16655,2.03568697,3.888842821,1.090090087,0.187591478,0.405813485,0
9094,1.864870429,3.757511139,0.936657486,0.439969808,0.409163922,0
8233,2.415066719,4.290213108,0.678371788,0.5681054,0.418992192,0
9093,1.9161551,3.787119865,0.976732429,0.520116508,0.409163922,0
530,2.77599144,4.151202679,0.333152006,0.720559001,0.436191857,0
32237,2.031606674,4.045452118,1.09819828,1.058057427,0.405813485,0
548,2.53977108,4.054382801,0.43549242,0.347506166,0.432631224,0
9088,1.948696971,3.914154291,1.046462408,0.911330462,0.405813485,0
43856,1.824038029,3.852307081,0.632700762,3.179335356,0.418992192,0
51724,1.824038029,3.852307081,0.632700762,3.179335356,0.418992192,0
1959,2.984413147,4.021158218,0.306085864,0.631928921,0.436191857,0
43852,2.291160345,4.360778332,0.651064833,1.072640657,0.418992192,0
582,2.511338711,4.484501839,0.665445522,0.311642259,0.418992192,0
539,2.511338711,4.495883465,0.66450248,0.311642259,0.418992192,0
40318,2.774398565,4.663454533,0.570506929,1.719061136,0.422282755,0
50448,1.732198,3.984569073,1.808617614,3.024359226,0.38912937,0
16658,1.834099054,3.820564747,1.326746937,0.711128592,0.399038643,0
32238,2.260311127,4.189384937,1.082567799,0.490972042,0.405813485,0
4060,1.536517739,3.279519081,0.859152854,1.531537294,0.412468255,0
7820,2.007147551,4.679568291,1.353334371,1.059928894,0.363931954,0
43855,2.291160345,4.084924221,0.633763687,1.135785222,0.418992192,0
51723,2.291160345,4.084924221,0.633763687,1.135785222,0.418992192,0
41947,2.17098093,4.310513496,1.821942835,3.568633318,0.3859424,0
41948,2.17098093,3.893224239,1.839051051,4.812067986,0.3859424,0
16563,2.916576385,4.511870384,0.486422405,1.121605277,0.425645888,0
38295,1.85609436,3.691543341,1.765128161,3.872216225,0.38912937,0
4014,3.406001568,4.500816345,0.241763524,1.034271836,0.439722985,0
48963,2.315633297,4.325568199,1.356624119,1.159315467,0.399038643,0
31726,2.363303185,3.869999886,0.373277848,0.601617694,0.432631224,0
610,2.066298008,4.390825748,1.609396994,1.595523,0.379751027,0
41953,2.783626795,4.402872562,0.481080953,0.489516288,0.422282755,1
30944,2.783626795,4.369585991,0.473530611,0.680207729,0.422282755,0
10788,2.801482677,4.460273266,0.500304869,0.291133225,0.422282755,1
10944,2.789788723,4.354689598,0.528213232,0.759930074,0.422282755,0
37963,2.56592226,4.093658924,0.445935019,0.481090814,0.425645888,0
4068,2.220132828,4.091125488,0.975158053,0.082919508,0.411642462,0
46042,3.019692898,4.285464287,0.335411478,0.39299652,0.438654721,0
44273,1.7853719,3.796313763,0.700232864,3.153264761,0.418151021,0
4066,2.209361076,3.929769993,0.898089376,0.449352175,0.411642462,0
18607,2.421450138,3.886234045,0.351298428,0.338505179,0.435050815,0
48962,2.083532333,4.19748354,1.354132792,1.677151918,0.401550978,0
18606,2.421450138,3.839143515,0.351207125,0.338505179,0.435050815,0
515,2.94950676,4.051795006,0.300864693,0.49096176,0.438654721,0
41954,2.874964714,4.447255135,0.466306062,0.480652809,0.424651355,1
37964,2.628533363,4.144616127,0.415234615,0.321848243,0.428012878,0
19059,1.68658042,3.586580753,1.447926942,1.204629421,0.398183584,0
14084,1.107072592,3.175137043,1.7395171,0.61476469,0.39160195,0
5305,1.919404268,3.76336503,1.187276891,0.640077651,0.40494135,0
3788,1.151778698,3.215413332,1.72111859,0.497033536,0.39160195,0
15787,3.338255405,4.420910835,0.070637251,2.03295064,0.445712775,0
30945,2.679006577,4.352004051,0.441080048,1.212243199,0.428012878,0
25187,2.871032953,4.714088917,0.572040223,1.937276959,0.421379656,0
4006,2.421450138,3.815479994,0.336800884,0.453358531,0.435050815,0
4071,2.322602749,4.179703236,1.104179664,0.417454243,0.408313483,0
48961,2.083532333,4.023315907,1.338677279,1.891611099,0.401550978,0
5170,1.198205471,3.38861227,1.677764876,1.254857898,0.39160195,0
28572,2.628533363,4.129097462,0.406620167,0.167512134,0.428012878,0
4010,2.294205904,3.715054989,0.327623167,0.760006607,0.431486368,0
54226,2.630553961,4.108670235,0.378457588,1.081750751,0.428012878,0
29973,2.594670057,4.215370178,0.588730085,2.855773687,0.421379656,0
28573,2.568468094,4.111857891,0.410855209,0.284946263,0.428012878,0
21512,2.142360687,3.718433619,1.356559147,0.204439491,0.401550978,0
50235,2.649799824,3.974848986,0.330292344,0.81831342,0.435050815,0
10789,2.940122604,4.458463192,0.466555198,0.312728792,0.424651355,1
10945,2.976851702,4.444702148,0.494463738,0.526300907,0.424651355,0
9718,1.427824616,3.146542072,0.619176064,8.192294121,0.421379656,0
623,2.083532333,3.6950109,1.322885156,0.459165305,0.401550978,0
12453,0.954116344,2.974816561,1.741182874,1.123056769,0.38839224,0
25188,3.069334984,4.734766483,0.545837263,1.145302415,0.421379656,0
4070,2.508994102,4.374394417,1.016394935,0.247928634,0.408313483,0
21488,1.903375745,3.720159531,1.438105103,0.547216475,0.398183584,0
14050,2.426065922,3.759530783,0.316782205,0.115781456,0.435050815,0
50236,3.116812468,4.125333786,0.325219834,0.793077111,0.438654721,0
5020,1.500053167,3.570435524,1.665631885,0.590563238,0.394868106,0
16564,1.8659482,4.621018887,0.649380517,6.616199017,0.418151021,0
5306,1.286251307,3.357020617,1.7274941,0.350921541,0.39160195,0
8217,1.894537807,3.648041487,1.283503722,0.285498977,0.401550978,0
21520,1.492450237,3.786406755,1.626669089,2.410436869,0.385254741,0
15178,1.540081978,3.505217552,1.541443411,0.61371851,0.394868106,0
40498,1.416126966,3.488833427,1.711511828,0.662675619,0.39160195,0
14950,2.894384384,4.251615524,0.43816118,0.688489854,0.424651355,1
21351,1.947087169,3.800635576,1.309608274,0.587986112,0.401550978,0
30923,3.024609566,4.399288654,0.471756972,0.218823418,0.424651355,0
5218,2.97730875,4.4853549,0.496525195,0.868730485,0.424651355,0
29262,2.952060223,4.660031319,0.564245564,1.297755718,0.421379656,0
51781,3.007784367,4.43224144,0.4801377,0.868730485,0.424651355,0
40497,1.573632002,3.579895735,1.708063932,0.590618491,0.39160195,0
7960,2.068514109,4.333063602,1.24022187,0.227468431,0.369551063,0
3764,2.580149174,3.688235998,0.257179811,4.580277443,0.438654721,0
29427,1.499095917,3.369990349,0.645346338,6.938569069,0.418151021,0
30924,3.007784367,4.462762833,0.461044128,0.298615843,0.424651355,1
4063,2.853603363,4.526450157,0.770026027,1.254401326,0.414917588,0
4073,2.10920763,3.940000057,1.111115653,0.593170166,0.40494135,0
29424,1.499095917,2.269774914,0.63270729,6.805558205,0.418151021,0
4025,2.079787731,4.680195808,0.665163068,7.236154556,0.418151021,0
4075,2.535463333,4.255383015,1.017079735,0.197708324,0.408313483,0
4064,2.499878883,4.212604046,0.890105216,0.465168834,0.411642462,0
37322,3.007784367,4.403673649,0.461443149,0.486171395,0.424651355,0
37323,3.007784367,4.403673649,0.461443149,0.486171395,0.424651355,0
25503,2.971128941,4.240004063,0.430835631,0.872064412,0.424651355,1
4028,2.613610506,4.057155609,0.348309216,0.512614191,0.428012878,1
37321,3.054759502,4.276100159,0.451961838,0.171868265,0.424651355,0
25504,2.80533433,4.162402153,0.401079125,0.500194371,0.424651355,1
21349,2.089934587,3.763424397,1.142492479,0.205891982,0.40494135,0
27388,2.671986103,4.105725288,0.344509017,0.825804651,0.428012878,1
21228,2.487809658,3.457147837,0.248578962,2.47290659,0.435050815,0
32462,1.40409112,3.499436378,1.710972921,1.297745705,0.38839224,0
29437,2.146374464,4.179587364,0.629937584,6.282904148,0.418151021,0
37303,1.98220551,3.863213539,1.662795842,0.970298469,0.39160195,0
29436,2.146374464,4.179587364,0.628349984,6.282904148,0.418151021,0
25505,2.950880051,4.206390858,0.41245207,0.730176866,0.424651355,1
4455,3.054759502,4.303555012,0.444629514,0.615512848,0.424651355,0
27389,2.671986103,4.051739693,0.334251049,0.825804651,0.428012878,1
7800,2.122093201,2.899684429,0.227149164,0.198336899,0.438654721,0
57625,1.469154477,2.39939332,0.652577958,1.881940722,0.418151021,0
4065,2.703298569,4.411651134,0.813922542,0.500320494,0.411642462,0
15307,2.89794445,4.259968758,0.507353052,0.394653618,0.421379656,0
50988,2.666794777,3.935977697,0.280913625,0.500091672,0.428012878,0
51877,2.537890196,3.80520153,0.270257237,0.884003282,0.428012878,1
607,1.320807219,3.659718037,1.370069224,0.819366217,0.379071206,0
3790,1.720355868,3.561133146,1.724904971,0.375890106,0.39160195,0
4078,2.454772949,4.151610374,1.059153466,0.917635083,0.40494135,0
37302,2.122193575,3.996580601,1.664271734,1.000098705,0.39160195,0
4027,2.949518681,4.358358383,0.481729556,0.088844337,0.421379656,0
7877,1.535969496,3.442359924,1.63687897,0.799481988,0.38839224,0
24664,2.622918844,3.928462982,0.350428462,0.669802606,0.424651355,1
29425,3.03568244,4.679449081,0.584838404,0.848497212,0.418151021,0
37301,2.122193575,4.023874283,1.652140552,1.000098705,0.394113123,0
50320,2.425168753,3.576956272,0.325108894,0.492120564,0.430413991,1
23653,2.120855808,3.928428173,1.376250986,0.946705163,0.400722027,0
9225,2.291309357,3.61626482,1.228645986,2.101970673,0.404092878,0
37795,2.714083195,4.137635708,0.295970161,1.26637423,0.430413991,0
29975,2.891913414,4.254482746,0.48760744,0.238244578,0.423811674,0
37794,2.911636114,4.163930893,0.2783505,0.327152401,0.430413991,0
29272,2.949894428,4.44519186,0.513048315,0.466053694,0.423811674,0
4029,2.770554543,3.995023012,0.250179368,0.675780535,0.430413991,0
14057,2.770554543,3.995023012,0.250179368,0.675780535,0.430413991,0
21234,2.955298424,4.58029604,0.581499401,0.793353915,0.420605808,0
9223,1.99445045,3.535840034,1.218790708,1.499064565,0.404092878,0
517,2.471610308,3.320138216,0.17536685,2.970137835,0.433887154,1
4079,2.797363758,4.361202717,0.831107228,0.379641026,0.414147586,0
21505,1.751804113,3.450162411,1.226439845,1.499064565,0.404092878,0
4022,2.964510918,4.344459534,0.443499837,0.235706076,0.423811674,0
17258,1.379862309,3.426073551,1.424680039,0.26545909,0.384607226,0
15788,3.143853664,3.72540307,0.082159863,0.378106028,0.444670051,1
17584,1.69219327,3.468350887,1.572897985,0.851271391,0.397395372,0
12451,2.981111288,4.24336195,0.402974833,0.792859197,0.423811674,1
22826,2.994579792,4.073651791,0.251484959,0.678797841,0.430413991,0
23655,1.690398574,3.592500687,1.600951763,0.756299257,0.397395372,0
44324,2.63274169,3.905555248,0.31624094,0.623403132,0.42706418,1
21545,1.617336988,3.951528311,1.469476825,2.136552572,0.387722105,0
626,1.846839666,3.503478765,1.460003883,0.230244249,0.400722027,0
7797,2.433829784,3.447209597,0.267423708,1.702328563,0.430413991,1
8196,2.10310173,4.174301147,1.096563499,1.147966027,0.368519902,0
44325,2.622472286,3.833541632,0.323551646,0.278774351,0.42706418,1
606,1.415464878,3.568785667,1.198711923,0.657075047,0.378382057,0
22310,2.169759274,3.468915701,0.726113732,6.701246738,0.417397976,0
2133,2.253798246,4.182248592,1.080820959,0.739123166,0.368519902,0
2084,2.253798246,4.182248592,1.080191033,0.739123166,0.368519902,0
16618,3.15204525,4.687201977,0.675042895,1.325724125,0.417397976,0
44326,2.622472286,3.80369401,0.303672189,0.410612375,0.42706418,1
22309,2.169759274,3.927097082,0.727235502,4.804650307,0.414147586,0
23157,2.844809771,3.796284914,0.219859443,1.789048433,0.430413991,1
15538,3.077854156,4.773865223,0.834597005,0.871430993,0.414147586,0
54225,2.935816288,4.139848232,0.181321443,0.864497483,0.430413991,0
22308,2.969636917,4.672018528,0.692126319,1.432073951,0.417397976,0
529,2.252129555,3.517169237,0.258286484,1.02450645,0.430413991,1
16558,2.861201048,3.517936707,0.154835427,1.732904077,0.433887154,0
19759,2.5764606,4.161417961,1.019980401,0.255737126,0.407478392,0
21238,2.825823307,4.132540226,0.407932603,0.701630533,0.423811674,1
21531,1.642034173,3.507840633,1.64123992,0.378798187,0.394113123,0
19756,2.752857208,4.32545948,0.926883378,0.210379407,0.410838395,0
15375,3.012667894,4.587429047,0.650183129,0.91583401,0.417397976,0
540,1.946967363,2.503552437,0.011028954,5.710885048,0.444670051,1
15235,3.059466839,4.568594933,0.623360909,0.171408311,0.417397976,0
31727,2.524527788,3.362774611,0.206997201,1.505583167,0.430413991,1
42822,2.778617382,3.83922267,0.254288576,0.372974962,0.42706418,1
15785,2.601442337,3.126796246,0.116130307,2.074889898,0.441081434,1
44028,3.086140871,4.096752167,0.173113057,1.236374617,0.430413991,1
19062,1.282864571,3.134020329,1.404560283,1.048581719,0.387722105,0
25506,2.883671284,4.437054634,0.672295288,0.380150944,0.417397976,1
25507,2.086429358,2.767139435,0.724134584,5.405005455,0.414147586,0
34842,2.956559658,4.403179646,0.640326914,0.213406399,0.417397976,1
16559,2.637324333,3.312919855,0.14273281,2.559435606,0.430413991,1
25508,1.555264115,3.656579494,0.701515834,6.101337433,0.414147586,1
519,2.110433578,3.184825182,0.205186414,2.053414106,0.432911605,1
39580,2.856687784,3.89394021,0.269796937,0.602686822,0.429576576,1
7667,2.214874268,3.148850203,0.209726643,3.112193346,0.429576576,1
19060,1.340478778,3.193171501,1.533167233,0.234866679,0.39341265,0
19063,1.522309422,3.374768257,1.090938452,0.323879629,0.380843133,1
34843,2.960102081,4.511740208,0.613333767,0.259225011,0.419939101,1
29476,2.960102081,4.487719059,0.620742781,0.259225011,0.419939101,1
27400,2.744621277,3.813138008,0.265603197,0.674309611,0.429576576,1
17201,1.555264115,3.733087063,0.712276871,7.806422234,0.416700542,0
25509,2.575961113,3.902709723,0.297147156,0.539207399,0.426331013,1
516,1.339670777,1.927905202,0.008523211,3.355447292,0.439927399,1
27399,2.677414894,3.735210419,0.243795015,2.86709404,0.429576576,1
29475,3.035889149,4.441195965,0.606920142,2.850089788,0.419939101,1
25510,2.610821724,3.817445993,0.278138225,0.674294531,0.426331013,1
29207,3.195483685,4.456061363,0.771298762,0.83396244,0.416700542,1
30003,3.18329978,4.586546421,0.755432249,0.683669388,0.416700542,1
7799,2.536343098,2.264356136,0.035878415,3.357830524,0.443527222,1
19124,2.735225201,4.044403076,0.88215795,0.717905045,0.413401842,1
522,2.253366232,3.272661448,0.230601783,2.873035908,0.429576576,1
514,1.578795075,2.227573156,0.03895571,1.247327328,0.447094798,1
25511,2.439485073,3.849036694,0.26229435,1.173631787,0.426331013,1
29462,2.898396492,4.195627213,0.548878279,0.296592772,0.419939101,1
108,0.844177902,1.952853203,0.007266442,3.116907835,0.447094798,1
19760,3.073868752,4.316973686,0.811739745,0.903169692,0.413401842,0
541,1.379849792,2.214103699,0.020033001,3.164869785,0.447094798,1
23422,2.601459503,3.847851276,0.379506844,0.136559039,0.423135489,1
50463,3.146860361,4.517873764,0.705736093,0.407899708,0.416700542,0
21557,1.665088296,3.47181201,1.534989769,0.413652778,0.39995575,0
112,0.949545562,1.766506553,0.013270599,3.111238956,0.436368823,1
21556,1.332782507,3.121935368,1.597587854,0.349106938,0.396659434,0
50461,3.156171799,4.509960651,0.678135343,0.427555114,0.416700542,0
29469,3.036702156,4.336311817,0.54691269,0.633608639,0.419939101,1
17566,3.097103119,4.36219883,0.556921606,0.619328439,0.419939101,1
625,1.184622765,2.956315994,1.548296162,0.147351325,0.396659434,0
23423,2.685119867,3.864700556,0.323649792,0.673196495,0.426331013,0
50462,3.075283527,4.444470406,0.707403331,0.436167568,0.416700542,0
604,1.289516091,3.204095364,1.35121059,0.89809823,0.390224367,0
22996,2.55941534,4.179704189,0.601864571,6.042720318,0.419939101,1
22997,3.097103119,4.495799065,0.572883243,2.010139942,0.419939101,1
21027,2.55941534,3.03972888,0.607296821,5.641636848,0.419939101,1
109,1.028684497,2.633599281,0.011328,6.251976013,0.443527222,0
21581,1.260336876,2.904419661,1.224037162,0.960878015,0.38709113,0
7875,1.456222177,3.052616835,1.468902715,2.020491123,0.39341265,0
5078,2.672089815,4.063561916,0.917666263,1.407761931,0.413401842,1
518,1.89668107,2.512891293,0.011543538,3.716838121,0.432911605,1
602,2.100954533,3.844759941,0.916815699,0.888189495,0.377649963,1
4671,2.952792168,4.267933846,0.461864695,0.489577055,0.423135489,1
8234,3.123967648,4.480098248,0.647083919,4.964116573,0.416700542,0
7798,2.243363857,2.536799908,0.029376936,1.626872063,0.435531825,1
16436,1.887327671,3.291718245,1.125443363,0.424104124,0.409275651,1
18893,3.004032373,4.235048771,0.812486555,1.36734581,0.416008919,0
605,1.794114709,3.298326254,1.348920792,0.188929752,0.405897796,0
16435,2.971119881,4.231190205,0.665321378,0.715631247,0.419310629,0
27728,2.748538494,4.331372261,0.466317195,1.011440873,0.422555029,1
17263,1.636672616,3.27203846,1.024845171,0.816153288,0.386479467,0
7821,1.994773865,3.520478964,0.947646774,1.212628484,0.383337647,0
542,1.801730394,2.394049168,0.005612209,5.521223545,0.435531825,1
8069,2.037130356,3.27893734,1.12819799,0.736404359,0.409275651,1
21564,1.644279361,3.289256811,1.407626705,0.294813484,0.402544767,0
27729,2.748538494,4.30519104,0.490253244,2.369663,0.422555029,1
603,1.431799054,3.035925627,1.099770559,0.632170677,0.386479467,0
25157,3.039518595,4.256781578,0.412139973,0.721181393,0.425758183,1
15374,3.039518595,4.38082695,0.424118154,0.721181393,0.425758183,1
16039,2.802225113,4.06682539,0.362077865,1.373374104,0.425758183,1
7876,1.526533484,3.141305685,1.095756138,0.632170677,0.386479467,0
20853,2.127468586,4.166510105,0.573960803,7.725801945,0.422555029,0
38254,3.075232029,4.518561363,0.417671978,3.191773653,0.425758183,1
524,1.369729996,2.177858829,0.008021999,4.166219234,0.435531825,1
21563,2.280056715,3.765746832,1.267119935,0.530057132,0.405897796,1
116,0.997493744,1.942268252,0.016496789,2.114128828,0.435531825,1
16038,3.130428314,4.3061409,0.364563614,5.602365971,0.425758183,1
19755,1.342003942,2.290240765,0.491024558,5.150786877,0.422555029,0
15536,2.686344624,3.898002625,0.876990543,0.742768347,0.416008919,1
43061,2.87387681,4.102977753,0.763822311,0.215524435,0.416008919,0
22121,2.138017654,3.37426877,1.008852859,0.682055891,0.412656009,1
43062,2.887433052,4.041729927,0.77887736,0.007516162,0.416008919,0
8284,2.106420517,2.734850168,0.185466494,1.495504856,0.442483068,0
29982,3.154119015,4.273229599,0.412984205,5.322799683,0.425758183,0
29985,3.271299362,4.500736713,0.444109172,2.034394264,0.422555029,0
43063,2.887433052,4.079212666,0.773303319,0.427924544,0.416008919,0
17696,2.92841363,3.931215525,0.691305435,0.51741755,0.419310629,0
14774,2.080443621,3.35092473,1.019555904,0.264555842,0.415293753,1
21562,1.983180285,3.351786613,1.415109384,0.791338563,0.405161738,0
5068,2.664477348,3.785786629,0.852832957,0.465870738,0.418653578,1
29432,3.431375027,4.590941429,0.356707344,1.594342351,0.42846486,0
520,0.705082297,1.824129343,0.008790264,3.552588701,0.434944451,1
23860,2.812570095,3.750841379,0.84662315,0.870283961,0.418653578,1
5245,3.251956463,4.195397854,0.542764251,0.791846395,0.425235152,0
21614,2.239861012,3.515814304,1.312491798,0.682486057,0.408525139,0
4797,3.251956463,4.327179909,0.520372168,0.647859454,0.425235152,0
119,0.812952876,1.788491011,0.011327707,3.519404173,0.434944451,1
15608,2.353780508,2.65549612,0.178205214,2.277101755,0.441667259,0
21029,3.175630331,4.147609711,0.416100723,0.400757968,0.425235152,0
16438,2.835477591,3.772850275,0.88495364,1.378123403,0.415293753,0
29854,2.206354618,3.432421446,0.961626433,1.015237808,0.415293753,1
29853,2.410352707,3.464719057,0.946882814,0.744526684,0.415293753,1
5482,3.253820658,4.431433678,0.341164953,0.286224127,0.42846486,0
42919,2.944357395,3.983041286,0.81251969,0.940589905,0.418653578,1
14773,3.039842367,3.927502871,0.614083587,0.329617798,0.421969146,0
16437,2.944357395,3.921633482,0.814014793,1.010254502,0.418653578,0
15537,2.006814957,3.197963953,1.019361304,1.137264609,0.415293753,1
34432,3.253820658,4.240550995,0.326933266,0.359275073,0.42846486,0
543,1.362787962,1.904036641,0.008913427,3.987006903,0.434944451,1
523,1.983148217,3.117942572,0.155783336,5.110602379,0.431687474,0
8066,2.885725737,3.977484465,0.214452135,6.742568493,0.431687474,0
34429,2.981696606,4.400794506,0.2617209,1.614791632,0.42846486,0
15613,2.340762377,3.28324461,0.322193287,1.703968287,0.445132226,1
294,2.648875713,3.904177189,1.358756178,0.807975054,0.405161738,0
19170,2.733489037,4.075828552,1.409718241,0.155080929,0.405161738,0
34427,3.161911249,3.948747396,0.173458999,1.992165565,0.431687474,0
34431,3.117906809,4.23251152,0.300850252,0.631198406,0.42846486,0
120,0.757456183,1.808921695,0.007050508,2.633181572,0.434944451,1
8067,2.092110872,2.957982779,0.953004072,1.022319674,0.415293753,0
34426,2.368956327,3.831858158,0.160803834,3.166599035,0.431687474,0
54204,2.334312677,3.107821465,0.824065918,1.650670171,0.418653578,0
29018,2.402117014,3.156437635,0.279189907,0.515782952,0.451272517,1
525,1.110009074,2.113901854,0.009192016,4.109590054,0.437751055,1
54205,2.159568787,3.118951797,0.832150788,0.741114855,0.421321273,0
18966,2.100186825,3.058160543,0.869987061,1.465031385,0.417950004,0
110,2.402117014,3.349175215,0.274407357,0.515782952,0.451272517,1
29028,2.402117014,3.349175215,0.274407357,0.515782952,0.451272517,1
55396,2.402117014,3.349175215,0.273873077,0.515782952,0.451272517,1
17048,2.750083447,3.586577177,0.5463512,1.144803524,0.427953541,0
23700,2.750083447,3.586577177,0.5463512,1.144803524,0.427953541,0
54203,2.159568787,3.126788378,0.819821725,1.80802381,0.421321273,0
19779,2.773087263,3.856034279,0.399999994,0.413937926,0.427953541,0
34430,3.224270821,4.194709778,0.229099855,1.010832667,0.434475124,0
13916,2.614755392,3.367924452,0.697960036,0.550857902,0.424657404,0
97,0.739571512,1.922987461,0.012736939,1.72600472,0.437751055,1
24457,1.968197346,2.907709837,0.822064022,0.821992874,0.421321273,0
15614,2.341031551,2.824085236,0.334528907,2.211928844,0.44443509,1
15615,2.866079092,3.698269844,0.202173084,2.893786669,0.454689622,1
34428,3.33307004,4.193227768,0.182596285,0.217464179,0.434475124,0
10022,2.56924367,3.403469563,0.756473762,2.591429949,0.421321273,0
15616,1.259360075,2.231268167,0.133361821,0.453099728,0.441066772,1
34433,2.544511557,3.926741123,0.138470132,6.62238884,0.434475124,0
118,0.77930969,1.853621244,0.013118081,1.493483424,0.437751055,1
21056,2.328805447,3.002340794,0.982348157,1.90091598,0.417950004,0
21049,2.047879457,3.337876558,1.058733018,1.848213911,0.414560288,0
99,2.193740845,2.813637018,0.205243185,1.081548691,0.451272517,1
34434,3.402332306,4.172102928,0.17021333,0.494862735,0.434475124,0
23011,1.9176476,2.410885096,1.017404581,2.43074894,0.417950004,0
7863,3.090520382,4.056543827,0.090664658,4.984637737,0.434475124,0
21054,1.55632031,2.466857433,0.840645904,0.950941741,0.421321273,0
21428,3.473057508,4.132949829,0.113497868,0.796042383,0.434475124,0
22666,2.106817245,3.001661539,0.715723488,0.530431986,0.421321273,0
17053,2.409411192,3.02332449,0.560189964,0.784507275,0.427351356,0
121,1.104350328,1.787016034,0.004731605,2.028860331,0.440563858,1
19780,2.314930916,2.766710997,0.431021476,1.982780099,0.430678725,0
16795,2.308087826,3.158466816,0.533726281,1.31336236,0.430678725,0
16804,2.38023591,3.183432579,0.500397879,0.631362259,0.430678725,0
29420,3.609886646,4.188241959,0.104174894,0.094354279,0.43726939,0
528,2.46609664,3.87127161,0.021695988,9.296034813,0.440563858,1
544,2.46609664,3.87127161,0.021950537,9.296034813,0.440563858,1
34435,3.154532194,3.73652482,0.21297794,0.322718114,0.43726939,0
16799,2.308087826,3.178510666,0.537488075,1.31336236,0.430678725,0
16802,2.38023591,3.252476454,0.504562144,0.738692999,0.430678725,0
1115,2.810761929,3.707244158,0.015828116,8.369898796,0.440563858,1
12133,3.526902914,3.981847525,0.065717817,0.591650367,0.440563858,0
19786,1.227544904,2.044312477,0.909095277,0.430888742,0.420610279,0
114,2.1491611,2.663534641,0.187423646,0.219324142,0.447220564,0
15619,1.876372576,2.306470871,0.043687908,1.085047603,0.460778803,0
122,1.1876266,1.651376963,0.00334881,1.312968135,0.443878144,1
19787,1.425984383,2.176498652,0.739290932,0.459456831,0.423993081,0
19781,2.437228203,3.047708988,0.325425676,1.46063292,0.433980197,0
107,1.289353132,1.97857213,0.010342758,3.622656345,0.460778803,0
8285,1.963707209,2.304881573,0.175511277,0.563418865,0.450588614,0
19791,1.70804286,2.349318504,0.600306962,0.761041403,0.427351356,0
19785,1.354446888,2.150098085,0.83701638,0.439495593,0.423993081,0
117,1.152697802,1.661441445,0.010883239,0.680830956,0.443878144,0
1123,1.199089408,1.978506446,0.01835791,2.180513859,0.45737496,1
21048,2.414216757,3.049773932,0.438673032,1.342325449,0.430678725,0
1124,1.565937638,1.793728709,0.01193444,1.990738988,0.460778803,1
15228,2.683850765,2.945945263,0.237201281,0.44180125,0.43726939,0
29020,1.558375597,1.877270222,0.013864153,1.660699368,0.456707537,1
55397,1.558375597,1.877270222,0.013864153,1.660699368,0.456707537,1
111,1.255754948,1.765595794,0.007436958,2.944592714,0.456707537,1
29029,1.255754948,1.765595794,0.007436958,2.944592714,0.456707537,1
1122,1.339758396,1.809510589,0.008633236,2.416642189,0.456707537,1
8286,1.558375597,1.861119151,0.02143126,2.271213055,0.456707537,1
8065,2.39354682,3.005441189,0.322030241,1.095103025,0.436713278,0
8947,3.466025114,3.947645187,0.033135362,4.987425804,0.446653903,1
11648,3.042241812,3.520863295,0.144465588,0.809721172,0.443338752,0
125,1.077605247,1.786518097,0.005314651,2.686360598,0.456707537,1
5083,3.042241812,3.520863295,0.149326926,0.661831141,0.443338752,0
17198,3.042241812,3.520863295,0.149326926,0.661831141,0.443338752,0
1116,2.230906248,2.814023972,0.30954503,0.231924653,0.436713278,0
123,1.316627383,1.751979351,0.004077923,0.339026421,0.446653903,1
21508,1.738949537,2.025420427,0.054222974,1.706699729,0.449982733,1
19788,1.369643927,2.110683441,0.805607491,0.544251978,0.426652133,0
6501,3.217473745,3.663532972,0.129261863,0.350146532,0.443338752,0
1121,1.616611242,1.999315619,0.007451755,3.902412415,0.456707537,1
19789,1.249726772,2.094529867,0.65081998,0.651228011,0.4300282,0
21025,3.3048141,3.621903181,0.103756055,0.87888509,0.443338752,1
19761,1.950868368,2.574519396,0.412242101,0.610978961,0.436713278,0
5456,2.660733938,3.096316576,0.22079546,0.741265416,0.443338752,0
124,1.21827364,1.703626513,0.011546648,1.994420052,0.453331798,1
1088,1.199984908,2.183420897,0.006812025,4.040990353,0.456707537,1
5084,3.010341167,3.581950903,0.032272445,0.397354752,0.446653903,1
21030,1.662270308,2.480678797,0.547026278,0.686350107,0.433382124,0
115,1.392184615,1.703271508,0.012476356,1.013130546,0.449982733,1
15229,1.971233726,2.538939476,0.354141312,0.473102927,0.440029055,0
1094,2.18065238,3.209657907,0.011179805,8.895819664,0.449982733,0
25180,2.987893105,3.231246471,0.109311407,0.80681479,0.446653903,1
43140,2.774929762,3.156941652,0.168339176,0.37970233,0.443338752,0
5128,3.174659014,3.583608627,0.032414274,0.47259447,0.446653903,1
29464,1.853206038,2.640351295,0.54011186,0.746543765,0.433382124,0
29943,2.904445887,3.26871419,0.144309229,0.766546547,0.443338752,0
1079,2.984199286,3.189790487,0.175921019,0.139570728,0.46011287,1
17647,1.641844273,2.443282604,0.803137171,0.614095628,0.429286748,0
43139,2.758131504,3.126433372,0.191108396,0.272433043,0.446050316,0
19792,1.108023643,1.930140853,0.708574346,0.953814745,0.432672411,0
1117,1.108023643,1.930140853,0.706625901,0.953814745,0.432672411,0
277,1.536311865,2.160530567,0.508304859,0.641870081,0.396099508,1
19778,1.777268291,2.464976072,0.49297034,0.267372668,0.439395547,0
4996,2.361749649,2.769343615,0.292760696,0.651863694,0.442729682,0
44031,2.795364141,3.362998247,0.06531057,1.385159254,0.452698529,1
312,1.489719391,1.319427729,0.358139188,2.728523731,0.392873019,1
1089,2.016574144,1.749541521,0.009488571,6.210431576,0.456049442,1
16433,2.545410633,3.023787022,0.231632735,0.919408321,0.446050316,0
1087,2.28869009,2.687299013,0.231936139,0.936072171,0.462863058,0
41768,3.009739161,3.199206829,0.092978806,1.667451739,0.449370116,0
275,1.470616341,2.040355921,0.743619076,0.191711769,0.39931792,1
1119,1.639291883,2.939398289,0.010229578,7.353708744,0.456049442,1
4798,1.954708338,2.605496407,0.427397955,1.027128816,0.442729682,0
293,2.702213287,2.664492846,0.835821934,5.666430473,0.412394971,0
41767,3.009739161,3.142393112,0.092030507,0.929425776,0.452698529,0
1120,2.812598228,2.674313307,0.01638272,6.337327003,0.456049442,1
21031,1.694224358,2.471801519,0.628233576,1.146035433,0.436043352,0
10014,2.777545452,3.144091845,0.175090877,1.042067647,0.449370116,0
25521,2.232005596,2.806502104,0.251637715,2.175542116,0.446050316,0
9129,2.080190659,2.715232611,0.448153225,0.840015829,0.439395547,0
15701,2.749553442,3.049411297,0.207480571,0.43159765,0.45943597,1
285,1.214063764,2.135742903,0.749858507,0.428269506,0.405799419,1
15679,1.674220085,2.177491665,0.747811346,0.844379008,0.405799419,1
13194,1.806896329,2.453412056,0.327467503,0.949373603,0.446050316,0
25522,1.850918293,2.432437897,0.268163075,1.628136039,0.446050316,0
19790,1.439186811,2.153832436,0.772030477,1.606267095,0.432672411,0
27866,1.825316906,2.331871986,0.302892104,0.90020442,0.446050316,0
21419,1.843698621,2.718094826,0.564833148,1.069387197,0.439395547,0
14940,2.890760422,3.338701487,0.386312628,4.332347393,0.442729682,0
18631,2.054049969,2.694871187,0.539399154,0.620125651,0.439395547,0
311,1.361689806,1.635670543,0.741755497,2.216261387,0.409079134,1
1099,1.997013569,2.414114952,0.376564093,5.579892635,0.442729682,0
29933,2.34065938,2.780404806,0.183188635,0.906323552,0.449370116,0
48812,1.868925333,2.498913765,0.250569939,1.390465856,0.446050316,0
21063,1.906435251,2.570787191,0.872693258,0.401158959,0.429286748,0
7592,2.082339287,2.916039944,0.234659109,1.835898399,0.449370116,0
313,1.253090262,1.771834373,0.287666757,5.295496941,0.389630556,1
292,1.253090262,1.771834373,0.287671464,5.295496941,0.389630556,1
30922,1.868925333,2.296213627,0.27421881,0.818535984,0.446050316,0
4995,2.34065938,2.762644529,0.184292269,0.798996985,0.449370116,0
18632,1.910826921,2.688532114,0.555577994,0.656597435,0.442017734,0
25523,2.383356333,2.739400864,0.222329955,1.60154748,0.452022374,0
48811,1.868925333,2.304127216,0.266954647,0.860634685,0.448694259,0
7828,2.014887333,2.287800074,0.473744105,0.744770646,0.398662627,1
43124,2.20019722,2.695388317,0.192396798,0.564050853,0.452022374,0
15491,1.609383464,2.211756229,0.341711103,0.35362342,0.448694259,0
10020,2.176967382,2.701176643,0.230725607,0.962704122,0.452022374,0
29934,2.182968378,2.676361561,0.216746497,0.558067739,0.452022374,0
15672,1.47640121,1.972272635,0.598252463,0.037949815,0.401895344,1
43836,2.20019722,2.667232513,0.198225331,0.592460394,0.452022374,0
30921,1.735279918,2.241548777,0.299359138,0.358965725,0.448694259,0
7988,2.419171095,2.789445639,0.194955573,1.039183736,0.462140143,1
29941,1.735279918,2.258131266,0.289720549,0.616871595,0.448694259,0
10018,2.176967382,2.566248417,0.243546276,1.066462874,0.452022374,0
17195,2.176967382,2.566248417,0.243546276,1.066462874,0.452022374,0
8064,1.848374367,2.545122862,0.541100341,0.421803564,0.442017734,0
278,1.711974621,2.101228476,0.502722791,0.960946023,0.398662627,1
25524,2.191540956,2.541755438,0.260255097,1.066462874,0.452022374,0
6422,2.028966665,2.943158627,0.526309194,1.578646541,0.442017734,0
9237,2.069894314,2.203466177,0.363528812,2.090621948,0.448694259,0
43835,2.034799099,2.573016644,0.225326727,0.524256825,0.452022374,0
21059,1.947825313,2.933279991,0.899922862,1.928235412,0.431890011,0
6243,2.034799099,2.448523521,0.217998696,0.367397279,0.455361784,0
7827,1.58433187,1.949848533,0.631334049,0.135012984,0.405145168,1
7990,1.870241642,2.177806854,0.318016612,1.005028486,0.448694259,0
276,1.54241097,1.886044741,0.594172143,0.128046334,0.401895344,1
6420,2.197151899,3.063596725,0.5399937,1.852208138,0.442017734,0
29938,1.870241642,2.497764826,0.319310208,0.861973584,0.448694259,0
280,2.010046959,2.251817703,0.32346759,1.245973229,0.392181695,1
29024,2.010046959,2.251817703,0.32346759,1.245973229,0.392181695,1
29076,2.010046959,2.251817703,0.32346759,1.245973229,0.392181695,1
16432,1.870241642,2.497764826,0.320364737,0.861973584,0.448694259,0
284,1.58433187,1.922579765,0.618155618,0.248097256,0.405145168,1
29025,1.58433187,1.922579765,0.618155618,0.248097256,0.405145168,1
29031,1.58433187,1.922579765,0.618155618,0.248097256,0.405145168,1
51715,1.832666874,2.402177811,0.316109599,0.636998177,0.452022374,0
29015,1.58433187,2.017921209,0.615428756,0.248097256,0.405145168,1
55394,1.58433187,2.017921209,0.615428756,0.248097256,0.405145168,1
1095,2.546277523,2.939098597,0.20338646,0.805778623,0.455361784,0
10921,1.85650754,2.334911108,0.304790857,0.175544828,0.452022374,0
272,1.855810046,2.092511892,0.605561512,0.430948406,0.40841338,1
1090,2.398019075,2.743196011,0.153221275,1.968074918,0.462140143,1
29016,2.398019075,2.743196011,0.152384808,1.968074918,0.462140143,1
9018,1.901494026,2.389130116,0.286621516,0.084137529,0.452022374,1
29944,2.037825346,2.506300688,0.348294593,1.038359165,0.448694259,0
27360,1.881267428,2.369188309,0.270404613,0.156779945,0.452022374,0
51829,2.092534542,2.780009508,0.48119314,1.822326422,0.445363015,0
10922,1.85650754,2.305033922,0.318768776,0.337387383,0.452022374,0
48801,2.3203969,3.052828312,0.522329394,2.578517675,0.445363015,0
51714,1.85800755,2.436396837,0.342674005,0.876628041,0.452022374,0
15704,3.062497616,3.446639299,0.184164147,0.415955365,0.458730191,0
13726,2.092534542,2.738910675,0.502453051,0.627220273,0.445363015,0
16434,1.91117692,2.779999971,0.67924781,0.392926067,0.442017734,0
56010,2.12788868,2.74874258,0.394080393,0.550378382,0.448694259,0
7824,2.324199915,2.270943403,0.779053696,0.801778734,0.418363124,0
25525,1.889667034,2.384671926,0.300081056,0.171536177,0.452022374,0
56009,2.12788868,2.769902229,0.391165809,0.550378382,0.448694259,0
29428,1.865276098,2.718446493,0.646267345,0.664769709,0.442017734,0
16970,1.771641016,2.472851038,0.438853976,1.03379035,0.448694259,0
25526,1.889667034,2.423212528,0.31537797,0.385377586,0.452022374,0
268,2.060363054,2.070134401,0.6462879,1.259095788,0.415020972,0
56008,2.12788868,2.625614166,0.402394886,0.597086787,0.448694259,0
265,2.339761972,2.224396944,0.78193314,0.301456958,0.418363124,0
17200,1.691131473,2.386507988,0.613219435,0.435931563,0.442017734,0
16978,2.047845364,2.731209755,0.586260764,0.99733901,0.445363015,0
29945,1.905306578,2.476753473,0.411192421,0.611737847,0.448694259,0
5109,1.978589416,2.838844538,0.607954769,1.164812446,0.442017734,0
16976,1.978589416,2.838844538,0.608989172,1.164812446,0.442017734,0
27685,1.732030869,2.77112174,0.813600331,0.731004179,0.435277641,0
30002,1.732030869,2.77112174,0.813600331,0.731004179,0.435277641,0
10021,1.982318997,2.570380211,0.396546096,0.120453522,0.451274484,0
28597,1.981664658,2.552425385,0.391690183,0.217140645,0.454614997,0
5248,1.73233223,2.570091009,0.769200671,0.795522392,0.441220462,0
25527,1.981664658,2.56144166,0.381006444,0.184289068,0.454614997,0
16969,1.745898247,2.492862463,0.463602361,0.675366938,0.451274484,0
5081,1.732030869,2.776777506,0.800315929,0.731004179,0.43784377,0
22283,1.818399906,2.326219797,0.36177894,0.754170597,0.454614997,0
6419,1.539760113,2.598177671,0.776453977,0.795522392,0.441220462,0
19705,1.695224166,2.681011915,0.790347398,1.366572261,0.43784377,0
7593,1.689556837,2.720712423,0.625335227,0.979949355,0.444585085,0
15675,2.457560301,2.36830759,0.720623904,1.14319253,0.420964092,0
1129,1.508358002,1.891147852,0.00531663,2.66737771,0.468254775,0
22282,1.818399906,2.359430075,0.370054929,0.7316854,0.454614997,0
29950,1.905306578,2.435140133,0.443645898,0.302541256,0.451274484,0
24500,1.689556837,2.60347414,0.632662964,0.325391024,0.444585085,0
24502,1.856097937,2.702444553,0.613593374,0.630913138,0.444585085,0
9165,1.689301491,2.829719782,0.712929173,0.240946874,0.444585085,0
5481,1.722455978,2.315432549,0.361963322,0.317699671,0.454614997,0
28598,1.766829133,2.473694801,0.417848223,0.734669566,0.454614997,0
25528,1.766829133,2.337002277,0.411113662,0.817606211,0.454614997,0
16617,1.686635137,2.754995584,0.803101734,0.278562486,0.43784377,0
43136,1.645960093,2.725464344,0.792052367,0.128456563,0.43784377,0
18599,1.746986628,2.418677568,0.395597761,0.501096845,0.454614997,0
15688,1.594758749,1.851451635,0.418480523,0.376606792,0.401216447,1
22281,1.706804156,2.272953749,0.387078586,0.521694422,0.454614997,0
9255,1.573075533,2.456593752,0.745156419,1.223637819,0.441220462,0
43396,1.834535599,2.81018734,0.697530202,0.394838959,0.444585085,0
30816,1.223895192,2.448400736,0.755896641,1.95462656,0.43445906,0
5246,1.828089952,2.796203613,0.568397246,1.160648584,0.447935134,0
27740,1.905987263,2.598777533,0.497200203,0.599948645,0.451274484,0
6423,1.828089952,2.796203613,0.567986561,1.160648584,0.447935134,0
43132,1.872774363,2.530773401,0.47372455,0.817112744,0.451274484,0
15673,1.650711775,2.028388023,0.349876162,0.34536162,0.397971481,1
37752,1.784291744,2.45495224,0.534809441,0.404605418,0.447935134,0
43397,1.722139597,2.510176182,0.690611821,1.679095149,0.444585085,0
43135,1.650379539,2.622792721,0.768507426,0.676745057,0.43784377,0
37751,1.784291744,2.37565279,0.551186274,0.461504519,0.447935134,0
1130,1.702312469,1.922708035,0.002359936,2.845000982,0.464801759,1
43395,1.628143311,2.537512064,0.707042366,1.094231486,0.444585085,0
42250,1.636830449,2.63479805,0.753886492,0.449040443,0.43784377,0
9257,1.558599353,2.550934076,0.769618858,0.575091124,0.441220462,0
43133,1.999074221,2.665734768,0.492083863,0.543048441,0.451274484,0
5080,1.193634272,2.632809639,0.730757655,2.298246384,0.43445906,0
15372,1.587807298,2.320183277,0.585929092,1.603141546,0.447935134,0
37653,1.681586266,2.36618638,0.542596658,0.702348769,0.447935134,0
43134,1.92231822,2.605740547,0.488418477,0.304385692,0.451274484,0
45513,1.631318927,2.336856365,0.605433355,0.801681042,0.447935134,0
39562,1.628143311,2.575777292,0.729847438,1.403344274,0.444585085,0
27741,1.905584335,2.619507313,0.528598589,0.892376959,0.451274484,0
1091,1.879269123,2.382550955,0.010497516,3.174180984,0.464801759,1
7448,1.516234875,2.590945005,0.741040144,0.435938537,0.43784377,0
45512,1.84159708,2.450425863,0.625643511,1.30809927,0.447935134,0
42251,1.636830449,2.614496946,0.730003056,0.236746818,0.43784377,0
44059,1.538584113,2.551568031,0.755929738,0.442944497,0.441220462,0
1112,2.189790249,1.88674736,0.6854787,0.834706545,0.42432183,0
4997,1.631318927,2.292007685,0.608436375,0.881299019,0.447935134,0
15669,2.126440763,2.12505722,0.454713229,0.543708384,0.41100812,0
15674,1.915069342,2.196955919,0.210361146,0.327771276,0.394723386,1
15676,1.578506231,1.647692084,0.441656919,0.465446651,0.407728285,1
12404,1.301464438,2.255121469,0.75703327,0.875724077,0.441220462,0
16431,1.905584335,2.573771238,0.531234668,0.96171689,0.451274484,0
17193,1.905584335,2.573771238,0.531234668,0.96171689,0.451274484,0
51736,1.94408226,2.522602081,0.490309116,0.36587128,0.451274484,0
42252,1.643635273,2.712871075,0.724805738,0.56855607,0.43784377,0
44060,1.450018406,2.592026472,0.744815786,0.442944497,0.43784377,0
18889,1.241376758,2.04813838,0.701343474,1.522812486,0.43445906,0
44058,1.284372091,2.585740089,0.746325836,1.143171787,0.441220462,0
39563,1.904280186,2.447134018,0.641699896,1.76032567,0.447935134,0
29277,1.994206071,2.759475946,0.67517761,0.517133832,0.444585085,0
6502,1.488665223,2.558123589,0.715360745,0.555255234,0.444585085,0
5079,1.241376758,2.461333513,0.693245745,1.522812486,0.43445906,0
39561,1.831487656,2.700000048,0.686479142,0.523721039,0.444585085,0
51735,1.741321683,2.399865866,0.506612042,1.027296185,0.451274484,0
17553,2.842080832,3.130637407,0.046540533,0.946231008,0.468254775,0
43804,1.79039228,2.67954278,0.684801711,0.581137776,0.43445906,0
15670,1.898120284,1.779219508,0.483817292,0.290688485,0.414304763,1
24771,1.523504615,2.610324621,0.71655552,0.569816649,0.43784377,0
6241,1.994206071,2.879964113,0.664214276,0.394224912,0.447935134,0
15373,1.569196463,2.298795223,0.63760704,0.43283987,0.447935134,0
859,1.348697424,2.249938965,0.01775635,4.394128323,0.464801759,0
43803,1.79039228,2.544603109,0.672352899,1.143053412,0.43445906,0
6232,1.492135525,2.282189369,0.613415738,0.156009093,0.447935134,0
40997,2.074250937,2.91466713,0.647395333,1.238953471,0.444585085,0
56167,1.511692405,2.221722841,0.592967079,0.246689484,0.447935134,0
15694,2.583697796,2.921494961,0.17656542,1.371798992,0.457973629,0
56168,1.511692405,2.159111977,0.586264947,0.353137195,0.447935134,0
10879,1.768784761,2.334408522,0.536565208,0.450033814,0.453806907,0
37096,1.618215203,2.663999796,0.673203609,0.384132951,0.447108984,0
15678,2.068439484,1.898320675,0.576785017,0.55028671,0.420203954,0
10878,1.366196156,2.191539049,0.514776155,0.744259298,0.453806907,0
7866,1.480749369,1.790788412,0.278139178,0.423828095,0.40375796,1
849,1.363711953,1.973074913,0.01539297,3.455204725,0.467414856,0
56170,1.46726656,2.221615553,0.583279826,0.246689484,0.450460315,0
12405,1.1187886,2.197651625,0.680018098,0.367860615,0.443746477,0
861,1.363711953,1.827856302,0.014738368,1.884865642,0.467414856,0
56169,1.513846397,2.178654194,0.570468211,0.353137195,0.450460315,0
1109,1.642620921,1.561595798,0.601101382,0.433783144,0.433622062,0
279,1.517172217,1.788708448,0.253556602,0.306548059,0.40375796,1
51180,1.46726656,2.281121731,0.574673266,0.483820677,0.450460315,0
51181,1.513846397,2.29071188,0.558030484,0.586980581,0.450460315,0
291,1.790059328,1.889991403,0.21287378,0.882154167,0.400506079,1
15708,1.642620921,2.665899992,0.585125677,3.408404827,0.433622062,0
1131,2.468283176,2.622106314,0.005473178,5.100227356,0.463964432,0
314,0.920234919,1.191463709,0.103153225,0.19634974,0.397254795,1
38610,1.440563202,2.206983566,0.575249288,0.38202855,0.450460315,0
37095,1.264339447,2.681102753,0.641842554,1.256123543,0.443746477,0
27737,1.580797434,2.738221407,0.592225884,1.669137836,0.447108984,0
31370,1.477624178,2.285455227,0.575133969,1.006219864,0.450460315,0
7991,1.214549065,1.955443621,0.468660299,0.51367712,0.453806907,0
7989,2.754095793,2.891935587,0.035976107,2.430229425,0.463964432,0
34404,1.440563202,2.259772062,0.558919827,0.371006578,0.450460315,0
1103,1.264339447,2.370212555,0.627973423,1.474593163,0.443746477,0
51754,1.401201725,2.143954277,0.5424038,0.364424467,0.450460315,0
7872,1.793425441,1.630108595,0.315447226,0.370671332,0.413579285,1
8063,1.066341519,2.370161533,0.6294612,0.240136623,0.443746477,0
27736,1.752111435,2.397727728,0.575372796,1.839551926,0.447108984,0
51755,1.357903838,2.064713955,0.516186603,0.250465482,0.450460315,0
273,1.656647325,1.723535895,0.304827365,0.177920505,0.410291523,1
38609,1.440563202,2.288989782,0.548213924,0.263805538,0.450460315,0
1100,1.440563202,2.248651505,0.541421609,0.371006578,0.450460315,0
32597,1.214549065,1.9304986,0.463259281,0.488605887,0.453806907,0
1096,1.704131126,2.246183872,0.27905692,1.571961999,0.460544467,1
29266,1.438396692,2.311327457,0.540549241,0.168277308,0.450460315,0
15231,1.479415178,2.268588066,0.566091324,0.413005143,0.447108984,0
49831,1.500123978,2.235362053,0.492528279,0.910338044,0.453806907,0
1106,1.611737609,2.035577297,0.55214665,0.745997429,0.436997026,0
6491,1.328431129,1.997356653,0.513469644,0.40672487,0.450460315,0
315,1.203084826,1.231349587,0.145556843,3.340347767,0.400506079,1
32596,1.21544683,2.027512074,0.431631056,0.485274523,0.453806907,0
269,2.006369352,1.910738826,0.372108653,0.56131804,0.416884452,0
31722,1.242671251,2.015617847,0.39931736,0.843355954,0.457162648,1
6495,1.328431129,2.133213043,0.501598102,0.353865325,0.450460315,0
7823,1.981190443,1.566180944,0.507535242,0.315462738,0.420203954,0
10013,1.500123978,2.309267759,0.470225985,0.378531694,0.453806907,0
19123,1.276614666,1.892865896,0.42435529,0.482131392,0.453806907,0
29948,1.397248268,2.034434795,0.433048654,0.669768035,0.453806907,0
6902,1.601531029,2.361108065,0.454511901,0.404790312,0.453806907,0
43131,1.391985893,2.116373301,0.483312128,0.219168887,0.450460315,0
43129,1.391985893,2.150458336,0.471516362,0.219138846,0.450460315,0
6906,1.601531029,2.328055859,0.448508803,0.404790312,0.453806907,0
15698,2.63349843,2.243253946,0.487773404,0.983561873,0.426889032,0
26376,1.397248268,2.097604752,0.416543914,0.716288507,0.453806907,0
18660,1.587304115,2.287294388,0.436269455,0.576589644,0.453806907,0
31797,1.383883238,2.130647421,0.374794503,0.500120759,0.457162648,1
266,2.298267126,1.83158648,0.492528803,0.786542177,0.423540533,0
6231,1.276614666,2.062495708,0.394047949,0.916400015,0.453806907,1
290,1.659719229,1.692136288,0.186779009,0.38793686,0.407014668,1
43130,1.391985893,2.187578201,0.467243537,0.219168887,0.450460315,0
860,1.849050045,2.328008413,0.065133301,1.938624501,0.467414856,0
15683,2.052633762,1.694162488,0.497369723,0.479762822,0.423540533,0
27361,1.391985893,2.122641563,0.468489121,0.381083846,0.450460315,0
43138,1.518876791,2.115036726,0.380435374,0.459704459,0.457162648,1
18662,1.457317591,2.193733454,0.419297362,0.47930482,0.453806907,0
27362,1.428298473,2.121554375,0.446521362,0.244871572,0.450460315,0
43137,1.518876791,2.205102205,0.366317565,0.452785671,0.457162648,1
32599,1.421184778,2.096271038,0.395485052,0.490920335,0.45630765,0
43870,1.464727879,2.086122513,0.425630028,0.090577401,0.452953011,1
7826,1.425071836,1.334909439,0.207892971,0.36568293,0.409552217,0
8061,1.634237647,1.53112185,0.441353677,0.775228262,0.436144143,0
43871,1.449278831,2.08665967,0.400651028,0.19929722,0.45630765,1
33684,1.429748774,2.114589691,0.367626693,0.869090557,0.45630765,1
41906,1.429748774,2.114589691,0.367525467,0.869090557,0.45630765,1
43799,1.429748774,2.114589691,0.367285346,0.869090557,0.45630765,1
4683,1.464789748,2.16315341,0.391974344,0.217957079,0.45630765,1
40822,1.429748774,2.137152195,0.353639612,0.395127475,0.45630765,1
1113,1.940939665,1.574513316,0.422210674,0.205182448,0.432781458,0
4994,1.675838947,2.218113899,0.312958982,0.6401757,0.459679306,1
41909,1.505576134,2.146006584,0.34712435,0.395127475,0.45630765,1
41907,1.505576134,2.22273922,0.343068191,0.138786003,0.45630765,1
40823,1.505576134,2.171725273,0.343154275,0.395127475,0.45630765,1
1092,2.497068882,2.61864996,0.031644555,0.272601128,0.466526866,1
41908,1.505576134,2.171725273,0.344241253,0.395127475,0.45630765,1
15684,1.821735501,1.767835498,0.219423407,0.167282,0.41943714,0
15696,1.310013056,2.201434374,0.474589105,0.648696184,0.44960016,0
33621,1.505576134,2.150667191,0.336901034,0.020754067,0.45630765,1
37256,1.487547636,2.247198582,0.409657435,0.108572543,0.452953011,1
43800,1.505576134,2.191310406,0.333639357,0.020754067,0.45630765,1
15702,2.537779331,3.019482851,0.104749449,0.545807421,0.466526866,1
5338,1.527326465,2.174747467,0.309979248,0.437083185,0.459679306,1
37257,1.508011222,2.180319309,0.385566304,0.156588599,0.452953011,1
7825,1.904814243,1.598857999,0.309911624,0.762373984,0.41943714,0
6417,1.418819666,2.093360186,0.339617108,0.635112107,0.45630765,1
15700,0.776124716,1.867308617,0.463956859,0.33801946,0.446241021,1
6499,1.503684521,2.270432234,0.3911718,0.462748885,0.452953011,1
5112,1.579763293,2.266073465,0.280605588,1.257938147,0.459679306,1
15668,1.904814243,1.727206707,0.279283139,0.533160031,0.41943714,1
27732,1.730247021,2.278823853,0.27963753,1.043897867,0.459679306,1
43126,1.501242161,2.17466712,0.291715481,0.230682343,0.45630765,1
43125,1.54855907,2.192541838,0.284167312,0.748532414,0.45630765,1
29421,1.79922843,2.509709835,0.3498268,1.025196671,0.452953011,1
6418,1.594620705,2.311784744,0.362025002,0.530266702,0.452953011,1
43128,1.501242161,2.145347834,0.282656568,1.251316786,0.45630765,1
43127,1.54855907,2.281995058,0.269951744,1.467204809,0.45630765,1
283,1.527977824,1.343554616,0.102404474,1.085161448,0.412835836,1
27733,1.730247021,2.472158194,0.256291516,1.419958472,0.459679306,1
281,1.527977824,1.343554616,0.100455866,1.085161448,0.412835836,1
15707,2.227728128,2.084345579,0.342908858,1.133131146,0.436144143,0
25533,1.792906523,2.459894419,0.263182457,1.328047991,0.45630765,1
54917,1.745893955,2.358747721,0.282221672,0.82139641,0.45630765,1
46064,1.747364163,2.430302858,0.266305646,0.939191461,0.45630765,1
15680,2.523841858,2.217514753,0.323302894,0.37496385,0.426087767,0
31793,1.633499622,2.369999886,0.314896918,0.541872025,0.452953011,1
274,1.380561471,1.364711404,0.067970563,1.294645905,0.412835836,1
8111,2.003846169,2.292515039,0.025298811,1.462987423,0.405540943,0
5113,1.747381449,2.432104826,0.252116901,0.47894907,0.458787113,1
6484,1.850592136,2.628069639,0.235409417,0.563337445,0.458787113,1
46063,1.824568033,2.481703043,0.238173377,0.393873036,0.458787113,1
5335,1.645213604,2.387067795,0.298496587,0.788878977,0.455422938,1
5457,1.684465647,2.19407177,0.255805112,0.557344019,0.458787113,1
1107,1.609659433,2.096098185,0.30502683,0.928993642,0.441997081,0
25534,1.813150406,2.491199017,0.286488334,0.585558712,0.455422938,1
25535,1.83889544,2.503494024,0.27236606,0.422531575,0.455422938,1
7995,1.56526053,1.927307248,0.288017679,0.223146528,0.441997081,0
6240,1.850592136,2.322502851,0.213168869,0.747874796,0.458787113,1
316,0.796533644,1.108000517,0.021740087,0.598946691,0.412074745,1
1097,2.066005707,2.54543066,0.161827448,1.448158503,0.462176472,1
850,1.605461478,1.96895051,0.038255798,1.986891747,0.472521484,0
54916,1.987390399,2.534554958,0.253114473,0.759902894,0.455422938,1
845,2.062732935,2.573017359,0.112280939,0.340229481,0.472521484,0
1101,1.721608162,2.301703691,0.286109459,0.207813635,0.455422938,1
267,1.828694344,1.580704093,0.287959455,0.113100678,0.425279021,0
1081,2.114499569,2.587679386,0.204445837,1.284798503,0.458787113,1
15703,1.473767281,2.111927748,0.280388433,0.142757744,0.441997081,0
7993,1.89865005,2.644952774,0.149491439,0.386546612,0.462176472,1
1104,1.500576854,1.910611987,0.315197726,1.530292988,0.448712319,1
1083,1.427715778,2.037714243,0.316339435,0.537695408,0.448712319,1
271,1.333299994,1.179427862,0.087186583,1.098979115,0.418654382,0
288,1.653985262,2.097014427,0,4.598586559,0.415361464,1
7996,1.655253649,2.216219425,0.269266751,2.085865021,0.452067882,1
18572,1.447562456,2.295718431,0.314946663,0.574346125,0.475896269,0
16254,2.929505587,2.850023031,0.069427342,3.213836908,0.408798754,1
15699,1.958142161,1.946864724,0.187856158,0.562015474,0.431939185,0
15095,2.14346242,2.604318619,0.058920109,2.041227341,0.412074745,1
1093,1.579102993,2.008441448,0.007423871,4.680569172,0.465604097,1
1132,1.579102993,2.191258907,0.007575807,4.047988892,0.465604097,1
1110,2.187580109,1.978637576,0.168250882,0.876835644,0.435284674,0
15094,2.392962933,2.982910633,0.08630264,3.873547077,0.408798754,1
15697,1.771253347,1.764678478,0.140591265,0.714167297,0.431099951,0
270,1.536895275,1.607628465,0.126170029,0.812443078,0.42446512,0
851,1.185997605,1.992755175,0.008483904,0.898327887,0.471589357,1
286,1.371857166,1.533975482,0.036627496,1.494444609,0.42446512,0
15693,2.570362568,2.977652073,0.157606422,1.020437479,0.454520911,0
10765,1.59245038,2.412347794,0.216796216,1.775999427,0.47837612,0
5257,1.855288744,2.441491842,0.177804878,1.388794303,0.475038558,0
7994,2.345807791,2.537920475,0.056495925,0.075140774,0.461256117,0
15695,2.442649603,2.944475651,0.145269933,0.909483194,0.447816283,0
8439,1.855288744,2.410936832,0.152335193,1.555168033,0.475038558,0
1098,2.395550489,2.478434086,0.015633678,3.334364891,0.461256117,1
20727,1.791718006,2.824959993,0.225468919,2.070959568,0.47837612,0
862,1.442026377,1.994004369,0.064028307,0.910431385,0.471589357,0
15681,1.289472818,1.358211517,0.079224645,0.323143333,0.427776992,1
8053,1.814212918,1.879874945,0.025337777,0.959602296,0.437764674,1
1139,1.416060805,1.876434803,0.008363175,2.434029818,0.437764674,1
1111,1.507820606,1.841598868,0.008964665,3.188174725,0.441114187,1
9764,1.949641943,2.844291449,0.207417353,1.373775125,0.475038558,0
1114,1.422667503,1.951065898,0.010167329,1.616387844,0.434426069,0
1133,2.151764154,2.29082489,0.011645678,4.964096069,0.45788008,1
1951,1.580263138,1.868796825,0.008480174,2.790839434,0.441114187,1
287,1.753116608,1.942188263,0.031075049,1.166400194,0.42446512,0
29026,1.753116608,1.942188263,0.031075049,1.166400194,0.42446512,0
29032,1.753116608,1.942188263,0.031075049,1.166400194,0.42446512,0
1138,1.055458307,1.821729898,0.006329646,2.468029737,0.444466531,1
45017,1.989038587,2.290848017,0.032831973,1.548031449,0.42446512,0
1108,1.055458307,1.821707129,0.007648153,2.407557249,0.444466531,1
1102,1.888801217,2.214426041,0.024443197,1.769921303,0.456966341,1
1082,2.282669544,2.285045385,0.036224644,1.316831708,0.450264126,0
7997,2.282669544,2.285045385,0.03664656,1.403313279,0.453612149,0
1137,1.079698682,1.876218319,0.01184192,1.921221972,0.450264126,1
1134,1.35871017,2.058578014,0.012327732,2.638542414,0.456966341,1
1105,1.907509208,2.180653572,0.018964555,2.768473148,0.453612149,1
1136,1.674471259,1.956711173,0.013100602,3.052979469,0.450264126,1
1135,1.598034143,2.068952084,0.008469242,3.301802397,0.456966341,1
38271,1.181152463,2.433516979,0.398255828,1.856989503,0.483940661,0
853,1.624479175,2.2185781,0.019670344,0.677514732,0.463722467,1
11176,1.677591443,2.561444759,0.260857203,1.305316448,0.4775455,0
35,1.027148008,2.008780479,0.01910414,1.618520856,0.436892122,1
48,0.967753589,2.146909475,0.015670075,2.862944365,0.436892122,1
864,1.09630537,1.865665793,0.016826911,1.745030642,0.460332364,1
1988,1.115722299,2.287411451,0.413292462,0.103922747,0.480849117,0
26618,0.899603724,2.194241285,0.411008781,0.103922747,0.480849117,0
49,1.390997291,1.969446898,0.017915012,2.341862679,0.433571041,1
7736,1.42119503,1.979118943,0.045223731,0.806960881,0.436892122,1
855,1.35443759,1.862456679,0.017326504,1.717289448,0.460332364,1
27329,1.978946567,2.124942064,0.05230033,1.405303001,0.443570495,1
37,1.280079365,2.054332495,0.022336338,3.281288385,0.433571041,1
21570,1.978946567,2.178531647,0.060293203,1.405303001,0.443570495,1
23855,1.978946567,2.178531647,0.061329894,1.405303001,0.443570495,1
24747,1.978946567,2.178531647,0.061274468,1.405303001,0.443570495,1
27333,2.013018847,2.229411125,0.055679725,0.8086344,0.443570495,1
19141,2.225108624,2.42547369,0.034147849,0.792942345,0.423642129,0
21567,2.013018847,2.286427736,0.058407463,0.749355912,0.443570495,1
28632,1.978946567,2.178531647,0.061943133,1.405303001,0.443570495,1
28630,1.978946567,2.141539574,0.06251715,1.405303001,0.443570495,1
24748,1.978946567,2.178531647,0.063584416,1.405303001,0.443570495,1
23853,1.978946567,2.214383841,0.063843326,1.405303001,0.443570495,1
24552,1.867412567,2.185002089,0.056996299,0.8086344,0.443570495,1
28633,1.978946567,2.214383841,0.064701957,1.405303001,0.443570495,1
28631,1.978946567,2.195423841,0.06558725,1.405303001,0.443570495,1
23823,2.013018847,2.21602416,0.059336139,0.8086344,0.443570495,1
23848,1.978946567,2.214383841,0.066891103,1.405303001,0.443570495,1
24749,1.978946567,2.214383841,0.066657557,1.405303001,0.443570495,1
27331,2.013018847,2.280365705,0.064745716,0.294956744,0.443570495,1
852,1.186163664,1.998857737,0.251670727,1.067442894,0.474105209,1
21510,1.772195101,1.943594694,0.051827791,0.36384353,0.446919024,1
24556,1.783690929,2.027417421,0.05444401,0.36384353,0.446919024,1
24553,1.867412567,2.185002089,0.063411281,0.840727389,0.443570495,1
23851,2.025713444,2.234930515,0.070705427,1.666141152,0.443570495,1
24750,2.025713444,2.234930515,0.070502478,1.666141152,0.443570495,1
50,1.450560093,1.980429053,0.016581713,3.590468407,0.430252552,1
23824,2.143508911,2.210000038,0.064713616,0.840727389,0.443570495,1
28763,1.882594705,2.058924437,0.056207739,0.470844328,0.446919024,1
21569,2.025713444,2.234930515,0.07242545,1.666141152,0.443570495,1
25095,1.882594705,2.058924437,0.0585,0.470844328,0.446919024,1
21568,2.143508911,2.330613136,0.070518905,0.294956744,0.443570495,1
28765,1.851072073,1.894473433,0.055743848,0.570541799,0.446919024,1
5222,1.530768037,2.757212877,0.335560535,0.639291048,0.480849117,0
25094,1.851072073,1.893381,0.056673096,0.570541799,0.446919024,1
27954,1.978355885,2.210000038,0.069802758,0.840727389,0.443570495,1
27955,2.143508911,2.223106623,0.07079085,0.840727389,0.443570495,1
24558,1.851072073,1.940338373,0.058412955,0.570541799,0.446919024,1
857,1.749512434,2.121050119,0.016479106,1.19273591,0.450264126,1
865,1.527481079,1.855172038,0.026140915,1.989368796,0.456966341,1
23825,1.978355885,2.203756094,0.071729806,0.840727389,0.443570495,1
27330,2.025713444,2.286786079,0.079113781,1.666141152,0.443570495,1
24554,1.978355885,2.203756094,0.073158777,0.840727389,0.443570495,1
23826,1.978355885,2.203756094,0.073961026,0.840727389,0.443570495,1
15794,1.768948197,1.904029608,0.050570673,0.185272634,0.446919024,1
24555,1.978355885,2.203756094,0.075560619,0.840727389,0.443570495,1
21566,1.768948197,1.904029608,0.053393007,0.185272634,0.446919024,1
27957,1.978355885,2.203756094,0.076482641,0.840727389,0.443570495,1
27956,1.978355885,2.205597639,0.077846554,0.840727389,0.443570495,1
24551,1.768948197,1.901896477,0.054750039,0.185272634,0.446919024,1
23840,1.807611823,1.878856778,0.055637951,0.185272634,0.446919024,1
21516,1.851072073,1.974903345,0.065535848,0.570541799,0.446919024,1
21515,1.882594705,2.092949867,0.071158664,0.470844328,0.446919024,1
7739,1.450560093,1.892381668,0.037481717,0.697405934,0.430252552,1
24550,1.768948197,1.901896477,0.058398881,0.185272634,0.446919024,1
23839,1.807611823,1.878856778,0.059253998,0.185272634,0.446919024,1
4924,1.538165808,2.513665915,0.305033469,0.368496299,0.4775455,0
27952,1.768948197,1.901896477,0.059832143,0.185272634,0.446919024,1
27951,1.807611823,1.865359306,0.06096169,0.185272634,0.446919024,1
24549,1.768948197,1.896993279,0.061605774,0.185272634,0.446919024,1
23828,1.768948197,1.896993279,0.062103471,0.198494568,0.446919024,1
856,1.464705467,2.128423214,0.023442968,2.241544724,0.456966341,1
27953,1.768948197,1.896993279,0.062690819,0.198494568,0.446919024,1
27950,1.807611823,1.865359306,0.063454931,0.198494568,0.446919024,1
4958,1.538165808,2.506031275,0.307461947,0.368496299,0.4775455,0
24548,1.768948197,1.896993279,0.063876937,0.198494568,0.446919024,1
23827,1.768948197,1.896993279,0.06433841,0.198494568,0.446919024,1
27332,1.978355885,2.190898418,0.087607387,0.299737871,0.446919024,1
21565,1.768948197,1.896993279,0.065056932,0.198494568,0.446919024,1
868,1.386529922,2.262563229,0.019661411,2.472229481,0.453612149,1
867,1.24844563,2.170299053,0.016788639,3.760083199,0.453612149,1
21509,1.851072073,2.099816799,0.081408323,0.42070502,0.446919024,1
28764,1.882594705,2.106438637,0.083855912,0.297979593,0.446919024,1
25093,1.882594705,2.106438637,0.084800947,0.297979593,0.446919024,1
24557,1.882594705,2.106438637,0.08624293,0.297979593,0.446919024,1
866,1.329990983,2.073396206,0.022364724,3.402103186,0.453612149,1
11580,1.062604547,2.503125906,0.393324882,2.404975176,0.483323067,0
38,1.549241304,2.096270561,0.018790676,1.791649103,0.429405868,1
21517,1.960909843,2.189352274,0.101762329,0.229923904,0.449359208,1
51,0.905126572,2.070093632,0.018703737,2.544300318,0.429405868,1
863,1.451813221,1.899962902,0.159124009,1.223049998,0.466190934,1
32692,2.078864813,2.227629662,0.146497177,0.438742816,0.449359208,1
1980,1.053209186,2.318742037,0.407014203,1.822930574,0.483323067,1
15602,1.666877985,2.095205307,0.179370665,0.779246151,0.442672133,1
39,1.744039297,2.0130198,0.04376372,0.440832794,0.42610991,1
21518,1.877221823,2.001992702,0.153501593,0.429460734,0.449359208,1
15795,1.703586102,2.48424387,0.369533006,0.586763561,0.476616412,1
52,1.404383779,2.121180058,0.019247439,2.626696587,0.42610991,1
15796,1.870576382,2.096639395,0.200310207,0.657798707,0.446013778,1
21571,1.744039297,2.144052505,0.066143643,0.674246252,0.42610991,1
24521,1.744039297,2.144052505,0.067411737,0.674246252,0.42610991,1
23807,1.744039297,2.144052505,0.067161366,0.674246252,0.42610991,1
27944,1.744039297,2.163837433,0.068663605,0.674246252,0.42610991,1
15797,2.726918221,2.753002882,0.134664944,2.577687979,0.459409773,0
27942,1.744039297,2.144052505,0.068344859,0.674246252,0.42610991,1
24523,1.744039297,2.163837433,0.069830549,0.674246252,0.42610991,1
23809,1.744039297,2.144052505,0.069539166,0.674246252,0.42610991,1
27945,1.744039297,2.163837433,0.071307359,0.674246252,0.42610991,1
27943,1.869850159,2.159450054,0.07088345,0.674246252,0.42610991,1
24524,1.869850159,2.197629929,0.072986156,0.674246252,0.42610991,1
23811,1.869850159,2.159450054,0.072481078,0.519532204,0.42610991,1
21573,1.885435343,2.145916462,0.063146346,0.160672694,0.42610991,1
15596,2.105926991,2.629403114,0.200576668,1.999998927,0.439341992,1
24525,1.869850159,2.197629929,0.076357143,0.519532204,0.42610991,1
23812,1.869850159,2.197629929,0.07609857,0.519532204,0.42610991,1
24517,1.885435343,2.147270918,0.067295551,0.17154792,0.42610991,1
21572,1.869850159,2.180877447,0.078491842,0.519532204,0.42610991,1
23813,1.885435343,2.148082733,0.067254082,0.160672694,0.42610991,1
24518,1.885435343,2.141184568,0.073244586,0.17154792,0.42610991,1
23815,1.885435343,2.156719685,0.073521109,0.160672694,0.42610991,1
21574,1.885435343,2.156719685,0.075817342,0.17154792,0.42610991,1
23816,1.869850159,2.166890144,0.083701342,0.125495911,0.42610991,1
24519,1.869850159,2.166890144,0.087272979,0.125495911,0.42610991,1
27948,1.869850159,2.200490952,0.089805442,0.125495911,0.42610991,1
23817,1.869850159,2.197856665,0.087245467,0.125495911,0.42610991,1
21575,1.885435343,2.182912827,0.078143724,0.190712363,0.42610991,1
24520,1.869850159,2.197856665,0.089427262,0.125495911,0.42610991,1
24526,1.885435343,2.182912827,0.07911305,0.190712363,0.42610991,1
27947,1.869850159,2.197856665,0.091049893,0.125495911,0.42610991,1
27985,1.885435343,2.182912827,0.080048958,0.190712363,0.42610991,1
23819,1.885435343,2.182912827,0.079388387,0.190712363,0.42610991,1
27949,1.885435343,2.220069647,0.090031916,0.125495911,0.42610991,1
1989,1.722766519,2.937871218,0.457952282,3.533336163,0.480047733,0
28675,1.840219736,2.103184223,0.063329263,0.381405473,0.42610991,1
27983,1.885435343,2.182912827,0.080362762,0.190712363,0.42610991,1
24527,1.885435343,2.182912827,0.081483174,0.190712363,0.42610991,1
27946,1.869850159,2.197856665,0.091359147,0.125495911,0.42610991,1
27986,1.885435343,2.174401045,0.082671174,0.190712363,0.42610991,1
28689,1.840219736,2.103184223,0.063493781,0.558118522,0.42610991,1
23820,1.885435343,2.182912827,0.081760516,0.190712363,0.42610991,1
27979,1.786761522,2.133733273,0.063597204,0.558118522,0.42610991,1
24528,1.885435343,2.174401045,0.084550367,0.190712363,0.42610991,1
27984,1.885435343,2.182912827,0.083253331,0.190712363,0.42610991,1
23821,1.921622276,2.132128,0.084955437,0.190712363,0.42610991,1
24529,1.921622276,2.152367115,0.088169741,0.190712363,0.42610991,1
23822,1.921622276,2.152367115,0.088674422,0.190712363,0.42610991,1
32015,1.874950647,2.141278028,0.06856892,0.558118522,0.42610991,1
21576,1.921622276,2.152367115,0.09028222,0.190712363,0.42610991,1
854,2.233560085,2.180943966,0.259406555,4.536957264,0.466190934,1
28676,1.874950647,2.074365616,0.06348679,0.336710513,0.42610991,1
28688,1.874950647,2.074365616,0.063382111,0.336710513,0.42610991,1
32016,1.874950647,2.074365616,0.064416981,0.336710513,0.42610991,1
43,1.820144415,2.224876165,0.03457804,1.039747238,0.42282483,1
27978,1.874950647,2.074365616,0.065816623,0.336710513,0.42610991,1
27928,1.874950647,2.111576557,0.081112352,0.336710513,0.42610991,1
15598,1.594740629,2.179958582,0.230435093,0.756625473,0.43602404,1
27980,1.911202192,2.119664192,0.091603474,0.386098593,0.42610991,1
7737,2.407810926,2.725871086,0.183984058,1.069176197,0.45848909,0
32017,1.874950647,2.104065418,0.076220491,0.336710513,0.428565413,1
32018,1.874950647,2.104065418,0.075429704,0.336710513,0.428565413,1
28677,1.820144415,2.071547508,0.063948622,0.35069257,0.428565413,1
28687,1.820144415,2.050038576,0.062713851,0.35069257,0.428565413,1
27929,1.874950647,2.100177288,0.08056205,0.614052296,0.428565413,1
27977,1.820144415,2.050038576,0.065715664,0.35069257,0.428565413,1
32019,1.820144415,2.055026531,0.062809165,0.493038297,0.425282389,1
27981,1.874950647,2.151438236,0.092996737,0.614052296,0.428565413,1
11037,2.129765749,2.657177448,0.24759144,1.533617496,0.465243071,0
4474,2.129765749,1.985872746,0.247141858,1.533617496,0.465243071,0
54325,2.548453331,2.896306992,0.257698113,0.135461554,0.465243071,0
869,2.007479906,1.898420334,0.244417088,0.336373806,0.451791525,0
24531,1.926203847,2.138345718,0.063073266,0.493038297,0.425282389,1
25085,1.926203847,2.138345718,0.06501215,0.493038297,0.425282389,1
27921,1.926203847,2.138345718,0.065604386,0.493038297,0.425282389,1
32021,1.974448562,2.090863705,0.093031067,0.614052296,0.428565413,1
32022,1.974448562,2.090863705,0.092488424,0.614052296,0.428565413,1
32020,1.974448562,2.066627026,0.079916704,0.56971699,0.428565413,1
28679,1.926203847,2.169293642,0.069428017,0.624862611,0.425282389,1
27982,1.974448562,2.143716097,0.095689212,0.276910007,0.428565413,1
7690,2.129765749,2.78116107,0.263435091,2.167355299,0.465243071,0
27924,1.926203847,2.169293642,0.065667927,0.624862611,0.425282389,1
11533,2.404795408,2.651595831,0.29565131,1.134964824,0.468662947,0
27923,1.926203847,2.169293642,0.069714842,0.624862611,0.425282389,1
21519,1.926203847,2.07467556,0.081203648,0.56971699,0.428565413,1
21521,1.926203847,2.212426186,0.065665798,0.624862611,0.425282389,1
32023,1.974448562,2.136242628,0.091822055,0.56971699,0.428565413,1
24746,1.926203847,2.25422287,0.062116076,0.715356529,0.425282389,1
25238,1.926203847,2.25422287,0.061864571,0.715356529,0.425282389,1
32271,1.873438478,2.123853445,0.061146366,0.715356529,0.425282389,1
32024,1.926203847,2.23089695,0.091837789,0.56971699,0.428565413,1
47784,1.974448562,2.296306372,0.112680636,0.276910007,0.428565413,1
5514,2.270478725,2.763350248,0.285367256,1.741549134,0.465243071,0
21511,2.094861746,2.243829012,0.095957634,0.292412251,0.428565413,1
17317,2.197466373,2.310617208,0.24258527,1.88557899,0.455136269,0
21522,2.094861746,2.286684275,0.07615531,0.534855604,0.425282389,1
25083,2.094861746,2.347091198,0.087729712,0.534855604,0.425282389,1
28680,2.094861746,2.285834789,0.090236895,0.534855604,0.425282389,1
43748,2.269456863,2.312308073,0.256389482,0.627878129,0.455136269,0
24530,2.094861746,2.285834789,0.091275931,0.534855604,0.425282389,1
36,2.133839846,2.228987455,0.332686315,0.645280004,0.44510892,0
32066,2.094861746,2.420839548,0.073117032,0.362853259,0.425282389,1
38431,2.156915665,2.233113527,0.252968228,0.609791636,0.45848909,0
43908,2.197466373,2.398144007,0.255908327,0.445442528,0.45848909,0
43746,2.269456863,2.345762253,0.266113414,0.627878129,0.455136269,0
17316,2.221979141,2.257677078,0.262961852,0.872447789,0.455136269,0
32025,1.973589659,2.25617981,0.059995288,0.362853259,0.425282389,1
5530,2.095891476,2.242025375,0.282949297,0.667516351,0.455136269,0
37467,2.097750425,2.301219225,0.095048012,0.245779082,0.425282389,1
4536,2.125595331,2.36148572,0.304021399,0.946457267,0.465243071,0
43751,2.095891476,2.11365056,0.288261794,0.509984493,0.455136269,0
11039,1.865722775,2.394909382,0.357606603,2.960138559,0.468662947,1
5533,2.156714201,2.371539354,0.268188026,0.420667946,0.45848909,0
38432,2.202079773,2.552314997,0.267700952,0.631516933,0.45848909,0
43907,2.104586124,2.314227343,0.271153472,0.534211278,0.455136269,0
15599,1.911787868,2.110496998,0.181858492,0.630835652,0.428565413,1
37462,2.097750425,2.275939465,0.07654879,0.058052529,0.425282389,1
37468,2.093071461,2.327736616,0.069050831,0.058052529,0.425282389,1
37466,2.093071461,2.256970167,0.068064366,0.058052529,0.425282389,1
43747,2.057000875,2.333708286,0.281528392,0.698866189,0.455136269,0
28686,2.097750425,2.330292225,0.100058048,0.203440204,0.425282389,1
53,1.975361586,2.214461327,0.021079502,3.293676376,0.425282389,1
11227,2.202079773,2.432447433,0.276575212,0.514288723,0.45848909,0
19927,2.202079773,2.432447433,0.276575212,0.514288723,0.45848909,0
11228,2.06429863,2.35682869,0.29803088,1.394453287,0.46185559,0
37461,2.093071461,2.263415575,0.050086694,0.520627439,0.425282389,1
38433,2.354515076,2.911322594,0.279766494,0.436656177,0.45848909,0
43745,2.137904882,2.289794922,0.294493897,0.58386606,0.455136269,0
43752,2.104586124,2.234756947,0.289569565,0.50647521,0.455136269,0
37463,2.097750425,2.223278046,0.081564398,0.317613691,0.425282389,1
5529,2.095891476,2.091179371,0.307451155,0.627181232,0.455136269,0
5062,2.125595331,2.4175179,0.33642587,0.098311573,0.465243071,0
28685,1.970472336,2.105570316,0.146131243,0.028268185,0.428565413,0
5532,2.156714201,2.284668207,0.298777373,0.232941821,0.45848909,0
43750,1.953772306,2.111107111,0.321374382,0.627181232,0.455136269,0
9325,2.222200871,2.54022193,0.372058697,0.067862719,0.465243071,0
11034,1.993664742,2.378537416,0.303408176,0.904942811,0.45848909,0
33096,2.136233091,2.091991901,0.34627896,0.303980619,0.451791525,0
54072,2.013403654,2.038404703,0.345629222,0.303980619,0.451791525,0
25543,2.4001894,2.311145544,0.37184274,0.522790909,0.451791525,0
29094,2.076128721,2.084867239,0.316229179,0.853865802,0.455136269,0
29992,2.076128721,2.131557226,0.315026496,0.59791857,0.455136269,0
5531,2.076128721,2.123414993,0.316749992,0.853865802,0.455136269,0
25574,2.279206276,2.180202007,0.381414146,0.749254584,0.451791525,0
8441,1.906484842,2.671926498,0.575049445,5.269128799,0.479125261,0
24896,2.013403654,1.992443085,0.350253528,0.498427331,0.455136269,0
11023,1.993664742,2.285983086,0.3199757,1.058281898,0.46185559,0
54071,2.013403654,1.919839859,0.356292676,0.334190875,0.451791525,0
28681,2.103792429,2.355968475,0.084918668,0.485657394,0.425282389,1
31728,3.875039339,5.528764248,0.597456525,2.49661541,0.482549578,0
4975,2.237924576,2.173683167,0.417390979,0.417386353,0.448448122,0
28684,1.97640264,2.117380142,0.139393533,0.63121742,0.428565413,0
11232,2.129768133,2.492419243,0.405884112,0.441383243,0.468662947,0
10406,2.267228365,2.242985725,0.342323245,0.453434885,0.455136269,0
9853,2.078499079,1.972252488,0.35846714,0.886027694,0.455136269,0
5263,2.078499079,2.006548643,0.358198709,0.886027694,0.455136269,0
30025,2.097318888,2.184988737,0.429214848,0.379810363,0.44510892,0
875,2.234477043,2.699171782,0.562305924,0.969270706,0.475624919,0
18641,1.998737335,2.062410355,0.382692521,0.664082408,0.454220444,0
9292,1.998737335,1.919725657,0.378362324,0.060451314,0.454220444,0
30818,2.247414589,2.299338818,0.359430056,1.138359547,0.457569718,0
871,1.859751105,2.118541002,0.35141248,0.533844531,0.464306563,0
38336,2.183013678,2.166952133,0.417520305,0.779208302,0.454220444,0
14954,1.915333986,1.897524476,0.435342458,0.314166129,0.447540998,0
25576,2.305824757,2.15944767,0.412555908,0.576196074,0.454220444,0
33711,2.154206038,2.144183397,0.443164439,0.46232152,0.447540998,0
25577,1.976263642,2.139253616,0.440132285,0.571215868,0.447540998,0
18643,2.18991065,2.13651824,0.401898597,0.310668886,0.454220444,0
858,2.234477043,2.819277763,0.571349841,0.793599069,0.47812593,0
28683,2.13312006,2.373204231,0.092059425,0.67328918,0.42772907,1
5528,2.048439741,2.157368422,0.380407349,0.709719241,0.457569718,0
8440,2.045182467,2.288284063,0.449683082,0.357239425,0.471138835,1
28682,1.990131617,2.21852684,0.137761611,0.612021387,0.431008697,0
25579,2.305824757,2.081468344,0.431131296,1.291948438,0.454220444,0
872,1.674326777,2.117052317,0.456779557,3.421101093,0.471138835,0
6534,2.110080481,2.052506685,0.432120248,1.291948438,0.454220444,0
14931,1.907662392,1.98222661,0.440245016,0.242701024,0.444212019,0
5344,1.965188742,2.41433692,0.411878955,0.59056139,0.467706025,0
33712,2.165385485,2.22740531,0.464752533,0.676127613,0.447540998,0
7689,2.036254168,2.035563946,0.402255932,0.772628784,0.457569718,0
30024,2.055215597,2.153915405,0.46649514,0.834995389,0.447540998,0
7740,1.593834996,1.744401336,0.429504172,0.166841596,0.440895408,0
74,1.736142755,1.873813629,0.445724767,0.516674459,0.440895408,0
27575,2.110080481,1.961878538,0.443091108,1.000696301,0.454220444,0
32068,1.968878508,2.232030869,0.133773735,0.885947287,0.431008697,0
4680,2.235754251,2.131948709,0.47092835,0.336764812,0.450878561,0
25582,2.072233915,2.112802744,0.476411153,0.380486548,0.447540998,0
14096,2.64056468,3.118181944,0.03532731,4.66536808,0.424456805,0
4400,2.189846516,2.074612141,0.476693684,0.945106268,0.450878561,0
7525,2.072233915,2.173510313,0.477169469,0.150631785,0.447540998,0
38475,2.048421144,1.822041392,0.444124514,0.423352629,0.454220444,0
40482,2.030659914,2.09526062,0.478953225,0.457265109,0.444212019,0
32067,2.144374132,2.497190475,0.08188341,0.752122164,0.42772907,1
25583,1.593834996,1.787882924,0.456631307,0.691802442,0.440895408,0
11535,1.871719003,1.988860846,0.4029305,0.463184118,0.460930079,0
38473,2.039879322,1.784588099,0.448070458,0.499212414,0.454220444,0
4799,2.060998201,1.912459373,0.492521753,0.4009175,0.450878561,0
4397,1.70791471,1.606973171,0.428236728,1.031856537,0.437589586,0
38474,2.022816658,1.913337708,0.461735525,0.361823142,0.454220444,0
38301,3.475307465,3.356515408,0.044242034,3.295177221,0.424456805,1
6276,1.768569112,1.882641435,0.445703359,1.131210923,0.437589586,0
45242,2.245827436,2.11951685,0.496286385,0.320257843,0.450878561,0
51818,1.70791471,1.83282733,0.441630991,0.867415547,0.437589586,0
36958,1.774550915,1.865040302,0.457090221,1.147565842,0.440895408,0
5063,1.786278963,2.076191187,0.419627059,0.850313902,0.460930079,0
14932,2.245827436,2.139778614,0.503252851,0.267805547,0.450878561,0
5061,2.166048288,2.492826462,0.505284594,0.719465137,0.471138835,0
7692,1.922833204,2.308995247,0.467717518,0.369069606,0.467706025,0
37282,1.786278963,1.986084104,0.42149574,0.685860693,0.460930079,0
25586,1.841551542,1.94003427,0.487314453,0.632377028,0.440895408,0
25587,1.64286387,1.937651396,0.486835572,0.60849756,0.440895408,0
5058,1.717496514,2.143274546,0.487818629,1.192645669,0.467706025,0
5181,1.957662821,2.038466692,0.515079144,0.610156357,0.447540998,0
45240,2.060998201,2.020325661,0.51684898,0.87997812,0.450878561,0
7444,1.871719003,2.074080229,0.433974555,0.192659944,0.460930079,0
4543,1.567758799,2.114273787,0.494896166,0.902337492,0.467706025,0
25590,1.803824782,1.910057306,0.493229723,0.564174354,0.440895408,0
44,2.713623524,2.782362461,0.01403243,3.379864931,0.42772907,1
7738,1.775015354,1.808766961,0.452582662,2.03102541,0.457569718,0
69,1.92957139,1.828269124,0.444060892,0.515611947,0.437589586,0
23982,2.026702166,2.044201374,0.471795105,0.997203588,0.437589586,0
9052,2.026702166,2.008179903,0.4779281,1.119201541,0.440895408,0
25591,1.878047705,2.080673218,0.525609971,0.348475367,0.447540998,0
37750,1.988823295,2.108760834,0.513555546,0.456206471,0.444212019,0
37283,1.855982184,2.020779371,0.449287263,0.614325583,0.457569718,0
30824,1.949577451,2.021349907,0.477617111,1.58206141,0.437589586,0
62,1.631287217,1.75548625,0.21913511,0.494027734,0.431008697,0
41573,2.177239418,2.012800932,0.537554192,0.69465816,0.450878561,0
5060,2.109565496,2.485610485,0.477693611,0.505582213,0.464306563,1
874,1.670124888,2.296986341,0.584350941,5.304195404,0.47461459,1
5189,1.949577451,2.056481361,0.463657682,1.328229666,0.437589586,0
54241,1.901007056,1.762096405,0.528904282,1.087731004,0.454220444,0
37749,1.988823295,2.166561127,0.531197202,0.233503222,0.444212019,0
25594,1.878047705,1.880553484,0.552641055,0.991861463,0.447540998,0
13123,1.97980547,2.517393827,0.558813644,0.404402494,0.471138835,0
25080,2.730377436,3.825716257,0.664461216,2.279886007,0.47812593,0
5634,2.25507021,2.649456024,0.488608658,1.056003332,0.464306563,0
43699,1.947366357,2.084523678,0.537956383,0.196038246,0.440895408,0
43698,1.851009607,2.040312529,0.537625589,0.476547927,0.440895408,0
6467,1.816839218,1.937604189,0.556902565,0.748368979,0.444212019,0
17633,1.718826056,1.811603189,0.535128011,0.397375911,0.440895408,0
25597,2.0479846,2.558478594,0.61172692,0.836046815,0.47812593,1
25598,2.25507021,2.740496635,0.493548558,0.747244239,0.464306563,0
25599,1.718826056,2.016949892,0.535419648,0.986112773,0.440895408,0
4700,2.189187288,2.319607019,0.501158396,0.39855054,0.440895408,0
39020,2.082149029,2.121004343,0.561634864,0.098107591,0.450878561,0
870,1.818582296,1.751533389,0.513163796,0.69422996,0.454220444,0
37748,1.922151208,2.10673666,0.550244302,0.316656053,0.444212019,0
873,1.838897347,2.382632494,0.587408976,3.65614295,0.47461459,1
54243,1.948470473,1.838089943,0.553069935,1.063705325,0.450878561,0
25078,2.747469425,3.742196321,0.658031754,2.766084671,0.47812593,0
11230,2.215117931,2.634741783,0.48518848,0.364646524,0.460930079,0
30017,2.077531338,2.053777933,0.558587491,1.063705325,0.450878561,0
54242,2.077531338,1.763389111,0.556008191,1.063705325,0.450878561,0
18642,1.856241107,1.941051841,0.577239887,0.985720754,0.447540998,0
25602,2.069286108,1.96966958,0.530396574,1.579191208,0.440895408,0
11534,1.886175394,2.010017633,0.498346421,0.554504871,0.457569718,0
38469,1.818582296,1.927653909,0.518935562,0.964797735,0.454220444,0
7668,1.948470473,1.787592173,0.552602104,1.335927486,0.454220444,0
10430,2.25507021,2.608902216,0.501217491,0.747244239,0.464306563,0
43697,1.851009607,2.002305269,0.552936868,0.764443755,0.440895408,0
54,2.305189371,2.748543501,0.009784098,4.846558571,0.42772907,0
30021,2.131475687,2.052613497,0.57783197,0.167850479,0.450878561,0
27687,1.906570911,2.53569603,0.621353172,0.890205324,0.47461459,0
25604,2.214852095,2.567361832,0.521683946,1.3888731,0.464306563,0
5224,1.70667243,1.590813994,0.584618438,0.106999189,0.449973583,0
5059,2.214852095,2.696896076,0.522761602,1.173241973,0.466765434,0
27508,2.151115417,2.077378988,0.582215001,0.202759147,0.45330894,0
25608,2.020857811,2.690000057,0.652842011,1.024891734,0.480628461,0
38468,1.954708815,1.980859876,0.540187099,0.488145292,0.456653953,0
11046,1.883374214,2.53786993,0.604062555,0.688106775,0.473620474,1
38956,2.065591812,2.081423044,0.599182428,0.406240523,0.45330894,0
38467,1.954708815,1.942806125,0.543548195,0.488145292,0.456653953,0
5053,2.713629723,3.517152786,0.67968193,2.017420053,0.480628461,0
25609,2.040771484,2.239152908,0.471715773,0.610618651,0.440020859,0
40023,1.789783239,1.923719525,0.606315598,0.341901779,0.449973583,0
25610,2.151115417,2.044961929,0.592985605,0.458297551,0.45330894,0
27507,2.114169598,2.076744318,0.602276107,0.743886054,0.45330894,0
27688,1.921986938,2.62745595,0.6522528,0.461308688,0.477107465,1
5180,1.94443655,2.073415518,0.598376129,0.339874029,0.446644723,0
53811,1.803311825,1.979939818,0.563861318,0.450925887,0.443326533,1
24451,1.956314564,2.001194715,0.602207318,0.778985202,0.446644723,0
13183,1.597689986,1.8525244,0.616567165,0.622397602,0.446644723,0
6285,2.004889965,1.960000038,0.623002818,0.364075243,0.45330894,0
25611,1.987099886,2.129103899,0.618743427,0.204188734,0.45330894,0
25613,2.331013441,3.369788408,0.683125766,2.788914919,0.480628461,0
5162,2.127114296,2.076021433,0.618393332,0.085590087,0.45330894,0
13716,2.013827801,2.082854986,0.384760369,0.821370184,0.440020859,0
4676,1.802641869,1.963908911,0.624760256,0.852893293,0.446644723,0
5223,1.73548913,1.919667602,0.574325365,0.830118716,0.443326533,1
25614,2.176934958,2.307532787,0.444399556,0.651072741,0.440020859,0
21350,1.535656452,2.200452328,0.592490748,1.243416071,0.470175952,0
35050,2.205736399,2.376974106,0.426392385,0.402569652,0.440020859,0
5534,1.89268887,1.852018595,0.586440328,0.749231875,0.456653953,0
4541,2.325806379,2.684739113,0.55389817,0.41661042,0.463378906,0
35049,1.985182285,2.260809898,0.3989368,1.272753477,0.440020859,0
7445,1.382155299,2.231713057,0.626029311,1.796391368,0.473620474,0
10604,1.67140007,2.27422142,0.644283991,0.284947217,0.473620474,0
4675,1.727919817,1.865422249,0.644379655,0.395898342,0.446644723,0
14283,2.131289959,2.296097994,0.472603479,0.451767564,0.443326533,1
38853,2.127114296,1.977825284,0.641060738,0.744356096,0.45330894,0
39630,2.127114296,1.977825284,0.641060738,0.744356096,0.45330894,0
4398,1.88626349,1.793023467,0.6531629,0.385342479,0.45330894,0
6535,1.382155299,1.931800842,0.635771361,0.428820789,0.473620474,0
25618,1.985182285,2.385757923,0.391326832,1.18490088,0.440020859,0
75,1.802544475,1.871964574,0.599094454,0.496865988,0.446644723,1
5704,1.783911705,1.932032108,0.625613041,0.592144907,0.446644723,0
25619,2.18206501,2.528826714,0.482562882,0.227325067,0.443326533,1
68,2.083385468,2.086472273,0.282985184,0.720820367,0.436723828,0
25620,2.192026138,2.416274071,0.414376199,0.189621791,0.440020859,0
4540,1.808593869,2.371294022,0.600737889,0.475440711,0.466765434,0
25625,2.17632699,2.444791794,0.482558369,0.239795178,0.443326533,1
37535,2.121473074,2.119530678,0.660642316,0.207364276,0.456653953,0
16266,1.684691429,1.99967885,0.639486013,0.155890837,0.446644723,0
25626,1.818415165,1.988391995,0.681846197,0.835276663,0.45330894,0
37534,2.079230309,1.940639734,0.673390764,0.78796196,0.45330894,0
55,2.028212309,2.216116667,0.016687865,4.263811111,0.430166602,1
25628,1.783911705,1.977165699,0.627747866,0.279113799,0.446644723,0
51811,2.17632699,2.437789679,0.497783869,1.403311968,0.443326533,1
49825,1.555300117,1.979777575,0.662274212,0.064336732,0.446644723,0
877,1.253596544,1.98193121,0.687184539,0.280006737,0.473620474,1
25633,1.771555424,2.077590704,0.596673952,0.402542114,0.446644723,0
43883,2.52439642,3.685811281,0.081906403,5.434841633,0.426905036,1
16452,1.46976757,2.259532452,0.722553852,0.858378351,0.477107465,1
5057,1.855558872,2.371657133,0.627427217,0.435430199,0.466765434,0
88,1.529225349,1.588624835,0.715604738,1.183120966,0.449973583,0
1983,1.948911786,2.214234114,0.71380363,0.482156992,0.45330894,0
7693,1.855558872,2.451011896,0.631627517,0.506512284,0.466765434,0
11539,1.389030576,2.229301453,0.675717366,0.862098873,0.470175952,1
4677,1.771555424,2.017719984,0.597971082,0.110932641,0.446644723,0
31672,1.97192049,1.960000038,0.708321075,0.319562435,0.45330894,0
25637,1.955878496,1.968882799,0.716255842,0.371641397,0.45330894,0
43884,3.417379856,3.43343854,0.097345716,4.352374077,0.426905036,1
13717,1.873265028,1.96163547,0.727147905,0.300735682,0.45330894,0
38476,1.791396618,2.204310179,0.058325045,1.377932906,0.430166602,1
9858,1.427253366,2.044401884,0.662743693,0.107859403,0.466765434,1
15322,1.966798663,1.89570415,0.709444413,0.736912847,0.45330894,0
38477,1.791396618,2.162890196,0.047181488,1.223984361,0.430166602,1
17635,1.941298008,1.876502872,0.690111442,0.445976317,0.456653953,0
63,2.051706791,2.097892284,0.179280716,0.79524827,0.436723828,0
51810,2.046307087,2.381589651,0.49226201,0.628093362,0.443326533,1
17632,1.786012411,2.013705492,0.355197157,1.268666625,0.440020859,0
38478,2.246314049,2.360929012,0.070790213,1.377932906,0.430166602,1
29346,1.305920839,1.849132061,0.735688827,1.07776463,0.449973583,0
49824,1.380513549,1.883306861,0.655363402,0.866118968,0.446644723,0
22359,1.835075855,1.872369409,0.737541506,0.27261138,0.45330894,0
70,1.952576637,2.303673267,0.451480662,1.006558418,0.443326533,1
5225,1.293144464,1.639999986,0.703645487,0.696222425,0.446644723,0
39021,1.997969508,1.923216581,0.728352625,0.76025182,0.45330894,0
13798,1.835075855,1.961548209,0.744324511,0.349785596,0.45330894,0
25644,1.301363587,1.941149235,0.700603695,0.996071875,0.470175952,1
32229,1.301363587,1.941149235,0.70072273,0.996071875,0.470175952,1
15991,2.246314049,2.6294806,0.092185823,1.628185272,0.432600677,1
4547,1.717401266,2.339003086,0.673389504,0.713694274,0.469236612,0
14930,1.567669392,1.732643843,0.630966389,0.853548765,0.449081957,0
14284,1.741319418,2.053075314,0.543176561,0.292185664,0.445760667,0
22357,1.835075855,1.88654089,0.7585405,0.184965149,0.455749094,0
22338,1.293144464,1.899334192,0.677767999,1.240299702,0.449081957,0
26744,1.761531949,1.863676906,0.739961879,0.526539505,0.459100038,0
29344,1.436534762,1.91991663,0.738030661,0.396387815,0.452410191,0
22358,1.713370562,1.820956826,0.77308039,0.644246101,0.455749094,0
22340,1.488031864,2.028770447,0.657662488,0.853557825,0.449081957,0
5536,1.544161081,1.854217768,0.716116303,0.442156583,0.462463558,1
25648,1.505190134,1.99795723,0.694646619,0.116234824,0.452410191,0
25649,1.421593547,2.315313101,0.750135568,0.371841609,0.472656876,1
32228,1.421593547,2.315313101,0.750433575,0.371841609,0.472656876,1
9187,1.41025281,1.936675429,0.766020544,0.727990806,0.452410191,0
15321,1.741340876,1.789162636,0.790453391,0.781539977,0.455749094,0
32230,1.421593547,2.34667325,0.752944377,0.463128775,0.472656876,1
22339,1.572573662,1.945535064,0.66038543,0.382683098,0.449081957,0
5165,1.480244756,1.751088619,0.802123192,0.878617346,0.455749094,0
5166,1.697255135,1.765685439,0.793202696,0.694033802,0.455749094,0
26745,1.532558918,1.918218732,0.772537184,1.077874064,0.459100038,0
878,1.462569714,2.190520763,0.724075231,0.29638198,0.469236612,0
32714,2.031680107,2.326217413,0.021469593,2.021388292,0.432600677,1
8567,1.480244756,1.610241771,0.815380607,0.164313033,0.452410191,0
5158,1.480244756,1.578877568,0.816921268,0.164313033,0.452410191,0
5220,1.747335672,2.807798624,0.797132819,0.975159764,0.476111114,1
27395,1.697255135,1.869997501,0.81545876,0.666792154,0.455749094,0
4974,1.264018416,1.728901386,0.758569871,1.242833257,0.452410191,0
25656,1.565800548,1.851075649,0.826718751,0.718332946,0.455749094,0
71,1.996446848,2.111569166,0.292429865,0.271116704,0.442450225,0
54299,1.578080654,1.991346359,0.625592538,0.930730402,0.449081957,0
27396,1.676018476,1.883200049,0.827304235,0.450095862,0.455749094,0
37660,1.285843849,1.744980931,0.816404843,1.078606248,0.452410191,0
11050,1.529729843,2.415809631,0.787872784,1.106278062,0.472656876,0
25658,1.368835688,1.870704889,0.57763137,0.507000983,0.449081957,0
27681,1.711979747,2.168838501,0.766257471,0.542907536,0.462463558,0
46038,1.457867742,2.391357183,0.78600257,0.526501775,0.472656876,0
56,1.783619642,1.916764379,0.018389996,3.176268816,0.435868025,1
4973,1.676018476,1.838797688,0.84155012,0.271153301,0.455749094,0
14285,1.450662971,1.900924802,0.788562934,0.919546902,0.459100038,0
7713,1.536139488,2.192427158,0.023547913,3.119087934,0.432600677,1
54300,1.578080654,1.855202675,0.610828702,1.12128675,0.449081957,0
25661,1.605478168,1.919897556,0.535546845,0.469856173,0.449081957,1
25662,1.657050133,1.857903004,0.854496314,0.309175551,0.455749094,0
37758,1.285843849,2.162151814,0.807518672,0.858181953,0.452410191,0
27680,1.574698687,1.951824903,0.788572077,1.066113591,0.462463558,0
4702,1.285843849,1.871553063,0.830560586,0.31409961,0.455749094,0
37759,1.285843849,1.871447563,0.825453431,0.310216039,0.452410191,0
43243,1.182142019,1.728666067,0.732078502,1.025907755,0.452410191,0
54301,1.389155865,2.02984786,0.616559377,1.12128675,0.449081957,0
64,2.101437569,2.115836859,0.149634634,0.631961584,0.439153105,0
9302,1.553661704,2.092963934,0.795930471,0.657852411,0.462463558,0
72,1.86117661,2.139978409,0.389815582,0.256048352,0.445760667,0
27669,1.560580492,1.920151353,0.832396638,0.120354787,0.459100038,0
5160,1.524916887,1.843919635,0.861139602,0.944453776,0.455749094,0
6469,1.329391956,1.866254926,0.684157156,1.054734707,0.452410191,0
4548,1.4509027,1.950595498,0.814192497,0.421778828,0.462463558,0
325,1.763184071,1.8217628,0.028883287,2.958301783,0.435868025,1
5383,1.385803223,1.872790456,0.718392867,1.023027778,0.452410191,0
42425,1.506366491,1.929046988,0.845608343,0.571704149,0.459100038,0
41912,1.560580492,1.947197437,0.841067787,0.120354787,0.459100038,0
38593,1.560580492,1.898067832,0.838903228,0.573312342,0.459100038,0
5328,1.329391956,1.927636981,0.696159274,1.054734707,0.452410191,0
49826,2.322101831,3.652488708,0.863156642,1.233127117,0.472656876,1
42426,1.560580492,1.962542057,0.844346615,0.120354787,0.459100038,0
4399,1.524916887,1.721354008,0.869454388,0.465787381,0.455749094,0
87,1.524916887,1.693927526,0.87159454,0.944453776,0.455749094,0
76,1.371927857,1.83163178,0.631103493,1.101174951,0.449081957,0
15306,1.869935751,2.004954815,0.239752151,0.58039093,0.442450225,0
43895,2.414152145,3.66381526,0.860192594,0.955145717,0.472656876,1
41913,1.560580492,1.978869915,0.851159725,0.120354787,0.459100038,0
25670,1.657130718,2.738187075,0.839529666,3.990296841,0.472656876,1
27668,1.565710664,2.003019094,0.856132612,1.008157969,0.459100038,0
25671,1.521840811,2.150747061,0.824074291,1.097199559,0.462463558,0
37100,1.994983196,2.294534922,0.240230642,0.737062395,0.444885612,0
5182,1.272249222,1.726488352,0.594968694,0.379613996,0.45152688,0
43894,2.268191338,3.610793352,0.869986882,1.264711618,0.475152642,1
1984,1.67612958,2.618191242,0.840057676,0.913153589,0.471724898,1
5388,1.496091008,1.983237863,0.677764375,0.459799558,0.454860985,0
11427,2.03487587,2.747217655,0.846062227,3.462632179,0.471724898,0
5164,1.542806864,1.954277515,0.885440174,1.460445166,0.461565703,0
43868,1.51767695,1.994112372,0.657049928,0.166881055,0.45152688,0
25675,2.063158035,3.435362101,0.872933235,3.251769543,0.475152642,1
37099,1.994983196,2.266963482,0.239536684,0.626149535,0.444885612,0
4678,1.279374719,1.960154772,0.832171386,0.663543761,0.458207071,0
10617,2.063158035,3.512711763,0.883256571,3.251769543,0.475152642,0
25677,1.521840811,2.133841991,0.854522823,0.356699973,0.464936882,0
4679,1.292462826,1.98766315,0.777456957,0.377144068,0.454860985,0
8442,2.648874998,3.451336861,0.889035873,3.013710737,0.475152642,1
30822,1.687955856,2.705579042,0.858261861,1.510312915,0.471724898,0
57,1.321364641,1.946607351,0.019033543,2.316742182,0.438297093,1
73,1.565103769,1.97914052,0.513172693,0.399547011,0.45152688,0
1948,1.238228559,1.877673268,0.818569048,0.293340892,0.458207071,0
30821,1.858962417,2.944966078,0.868790884,0.40949443,0.471724898,0
27621,1.425514698,1.979922652,0.691919479,0.265199512,0.454860985,0
25683,2.119013548,2.44046402,0.273574333,0.346475184,0.444885612,0
5535,1.365371943,2.023200512,0.87946858,0.671693861,0.464936882,1
7695,2.394878387,3.929733038,0.925817492,1.105663776,0.475152642,0
4703,1.375160336,1.945978522,0.7462189,0.640735745,0.454860985,0
5227,1.238228559,1.824760795,0.792747055,0.720297873,0.454860985,0
65,1.881495237,1.949865222,0.142582518,0.743472755,0.441584021,0
23078,1.418500423,1.990399122,0.801355895,0.720297873,0.454860985,0
27620,1.216279864,1.90477252,0.697884472,0.673233926,0.454860985,0
37729,1.997187495,2.051497936,0.239093538,0.808168352,0.444885612,0
25687,2.919754028,4.024335384,0.912992876,0.774886668,0.475152642,0
25688,2.0885427,2.306038857,0.259454094,0.576458275,0.444885612,0
32235,1.402021885,1.836479545,0.610004136,0.933445394,0.45152688,0
300,1.86802268,1.953050017,0.049106001,1.329934835,0.438297093,1
37730,2.0885427,2.263938665,0.250041387,0.808168352,0.444885612,0
5163,1.418500423,2.150839806,0.819017723,1.790647864,0.458207071,0
37728,1.997187495,2.215884924,0.228337119,0.331717581,0.444885612,0
15323,1.418500423,2.093197107,0.798518018,1.230402231,0.454860985,0
10702,2.233168602,2.993091583,0.921210913,3.544003963,0.471724898,0
11057,1.815458536,2.883595705,0.916741185,0.325614989,0.471724898,0
46043,1.38183403,1.991778374,0.920491593,0.481337547,0.464936882,1
17723,1.881495237,2.231684685,0.169417493,0.288587421,0.441584021,0
25695,3.16477704,4.227547646,0.943631136,1.154179692,0.475152642,0
5219,2.652643204,3.677191734,0.930462255,3.544003963,0.471724898,0
27563,2.092381239,2.311230183,0.286610357,0.490075916,0.444885612,0
32234,1.30552578,1.85229063,0.616131625,0.901086688,0.45152688,0
5183,2.069283247,2.313284159,0.241381119,0.291668117,0.444885612,0
39026,1.30552578,1.925505161,0.59023904,0.618907809,0.45152688,0
29552,2.01615262,2.189395428,0.176513691,0.699105859,0.444885612,0
45015,1.466009855,1.7157166,0.031252693,2.677758694,0.438297093,1
25697,1.676957607,2.15380621,0.487379315,0.965374351,0.44820258,1
11235,1.40516448,2.154760838,0.937352059,0.349586993,0.46832183,1
317,1.466009855,1.518740654,0.024684415,2.835432529,0.438297093,1
27564,2.069283247,2.190477371,0.265488322,0.637472391,0.444885612,0
39019,2.092381239,2.35894537,0.302247599,0.140666053,0.444885612,0
17507,2.033263683,2.294406891,0.222179732,0.20532909,0.444885612,0
4674,1.942719221,2.181539059,0.253667871,0.637472391,0.444885612,0
29551,1.868184566,2.067206144,0.178629935,1.210187793,0.444885612,0
17530,1.420876741,1.930219531,0.616135616,0.825493872,0.45152688,0
27561,1.942719221,2.160763741,0.238812611,0.489966631,0.444885612,0
25700,1.59556222,2.148594379,0.497625007,0.764753997,0.45152688,1
14286,2.241805553,2.246860981,0.690029999,5.232781887,0.454860985,0
17506,1.868184566,1.996933818,0.184912717,1.377637744,0.444885612,0
5547,1.942719221,2.305742741,0.262391894,0.302108765,0.444885612,0
324,2.175054312,2.207680464,0.148830954,2.193502903,0.43502903,1
27562,2.008539915,2.230172634,0.294919986,0.527397096,0.444885612,0
77,1.43253243,1.884558678,0.515964578,0.439988881,0.453988016,1
28656,2.030666351,3.100590229,0.982466263,1.972326994,0.470825613,0
27394,2.008539915,2.277374506,0.283722522,0.023547668,0.447332621,0
4551,1.997339845,3.118229628,0.987082315,1.972326994,0.470825613,0
11234,1.289210439,2.086594105,0.999790414,0.420880973,0.467433989,0
7660,1.760168076,1.958405375,0.195967527,0.07963416,0.447332621,0
54298,2.01093173,2.198230505,0.221195974,0.293862224,0.447332621,0
37672,2.057631731,2.24583745,0.284873339,0.111625679,0.447332621,0
5381,1.923690081,2.258871555,0.341399084,0.104092598,0.450654507,0
21085,1.642619252,2.188520908,0.475090828,1.745942235,0.450654507,0
15303,2.01093173,2.136515379,0.205894596,1.333203793,0.447332621,0
39027,1.554266334,2.130825281,0.459697289,1.750396371,0.450654507,0
43672,2.057631731,2.242283106,0.297464674,0.111625679,0.447332621,0
43671,1.977333784,2.274803162,0.310201663,0.082330041,0.447332621,0
37673,2.026656389,2.166882992,0.258329503,0.37138328,0.447332621,0
43670,1.977333784,2.267051935,0.326633318,0.104092598,0.450654507,0
318,1.268233895,1.56425941,0.01902105,1.639556766,0.440736681,1
17178,1.865903378,2.187066793,0.360009149,0.826114118,0.450654507,0
37671,2.074172258,2.392097712,0.281307995,0.09074574,0.447332621,0
5476,2.074172258,2.339385748,0.292066212,0.09074574,0.447332621,0
5169,1.720254779,2.146640539,0.431373013,1.398409963,0.450654507,0
17721,1.720254779,2.137222767,0.421029356,1.03994298,0.450654507,0
7524,1.977333784,2.247106314,0.321499781,0.413300663,0.447332621,0
6277,1.834180474,2.156476736,0.218185007,0.490262061,0.447332621,0
39396,1.968239427,2.322862864,0.162315661,2.809628963,0.437466979,1
5703,1.865903378,2.210443258,0.349203318,1.12776041,0.450654507,0
39397,1.855883718,2.296570301,0.157170742,1.944220543,0.437466979,1
9123,1.782492042,2.211818933,0.385600979,0.387338668,0.450654507,0
6287,1.782492042,2.124885559,0.376997968,1.131772041,0.450654507,0
28553,1.912209272,2.215291023,0.304970503,0.649829686,0.447332621,0
78,1.63478601,1.907818079,0.342941,1.317585707,0.450654507,0
28552,1.912209272,2.064470053,0.331334726,1.317585707,0.450654507,0
5229,1.843618274,1.833696127,0.199148069,0.292935759,0.447332621,0
45014,1.524134874,1.80602169,0.054447627,0.817828596,0.440736681,1
8565,1.68854928,1.892757654,0.340468528,0.782310426,0.450654507,0
29548,1.774236679,2.011686563,0.206993711,1.106036067,0.447332621,0
43644,1.750427246,2.121184349,0.34489634,0.782310426,0.450654507,0
301,1.53563261,1.796190381,0.051741825,0.817828596,0.440736681,1
43266,1.918164492,1.96121943,0.267217581,0.871309578,0.447332621,0
43646,1.833636761,2.206802607,0.360408108,0.135625154,0.453123331,0
27347,1.85081327,2.05390048,0.205620403,0.262267739,0.449792415,1
29545,2.04144454,2.213771105,0.23417452,0.174004629,0.449792415,1
25733,2.000910521,2.072934151,0.235889907,0.347997248,0.449792415,1
28603,2.000910521,2.148757696,0.215821946,0.25306949,0.449792415,1
25737,1.887764573,2.049637318,0.16870387,0.571926117,0.446479976,1
66,1.887764573,1.929223061,0.160314807,0.571926117,0.446479976,1
25738,2.065737009,2.110526323,0.188099221,0.383256584,0.449792415,1
5226,1.642848253,1.804587364,0.287635632,0.744497716,0.449792415,0
1949,1.783610582,1.842367411,0.274539877,0.744497716,0.449792415,0
31664,1.78375566,2.093882322,0.329962864,0.335633427,0.449792415,1
44024,2.064532757,2.102376461,0.210236884,0.136378646,0.449792415,1
58,1.796585798,1.875944734,0.023100419,1.507097125,0.443188012,1
7670,1.88647449,2.015495777,0.14614867,0.583745778,0.446479976,1
15324,2.064532757,2.169639826,0.185711531,0.096523888,0.446479976,1
319,1.335365057,1.428377271,0.014012769,1.694094419,0.443188012,1
14933,1.879847527,2.145229101,0.302447702,0.230420455,0.449792415,1
79,1.783610582,1.916763306,0.259356873,0.119368643,0.449792415,1
45,1.958729863,1.951054931,0.138995957,0.199778184,0.446479976,1
27348,1.958729863,2.179188013,0.160277767,0.790745258,0.446479976,1
5178,1.958729863,2.094988346,0.146599404,0.790745258,0.446479976,1
45012,1.995589018,1.949316263,0.207420553,0.91473186,0.439907342,1
38275,1.916749239,2.108088017,0.300465727,0.14703165,0.449792415,1
21084,2.010893583,2.174087763,0.227079487,0.837384701,0.449792415,1
19695,1.872188568,2.151613235,0.233367496,0.837384701,0.449792415,1
323,1.605293393,1.73052597,0.185427893,1.390346766,0.439907342,1
27665,2.0475142,1.999689817,0.138796223,0.833008885,0.446479976,1
43635,2.0475142,2.151462078,0.16806766,0.456557363,0.446479976,1
43819,2.034790993,2.097086906,0.18558779,0.48482272,0.446479976,1
28953,1.872188568,1.954346776,0.261155121,1.02055943,0.449792415,1
19320,2.010893583,2.184773207,0.222163196,0.23024787,0.449792415,1
41671,2.0475142,2.037585974,0.139934876,0.833008885,0.446479976,1
41670,2.0475142,2.138640404,0.152679869,0.833008885,0.446479976,1
59,1.601710677,1.761550784,0.02242635,1.61660111,0.443188012,1
28952,2.083289146,2.315980196,0.290537196,0.426429093,0.449792415,1
41669,2.0475142,2.127281427,0.157845999,0.072871819,0.446479976,1
27664,2.056362867,2.119384527,0.151031567,0.757912755,0.448938668,1
38563,1.981702924,2.108222723,0.17592505,0.072871819,0.448938668,1
41667,2.056362867,2.127194643,0.165285836,0.072871819,0.448938668,1
41668,2.056362867,2.159058571,0.174791019,0.072871819,0.448938668,1
9105,1.871189594,2.004620314,0.228021615,0.915666938,0.452262163,1
27351,2.056362867,2.140183449,0.169081953,0.277382553,0.448938668,1
320,1.691067934,1.644241333,0.014309919,2.34304738,0.445625424,1
31763,1.917255163,1.926113605,0.25353826,0.769482315,0.452262163,1
38466,2.056362867,2.125781059,0.183156732,0.169642568,0.448938668,1
45013,1.505694866,2.012006521,0.023853644,2.967416286,0.445625424,1
27352,2.038247347,2.118722916,0.156815611,0.215935364,0.448938668,1
38465,2.001288652,2.114954948,0.19396149,0.145015463,0.448938668,1
16416,2.085182905,2.138489008,0.134026428,0.34487614,0.448938668,1
38464,2.001288652,2.062091112,0.216955546,0.992717445,0.448938668,1
20712,1.995028257,2.156136513,0.275284879,0.410505235,0.452262163,1
33846,2.038247347,2.105556488,0.175035947,0.085686587,0.448938668,1
33845,2.009505749,2.074308395,0.15906634,0.193190977,0.448938668,1
32581,2.036439657,2.124890566,0.190125828,0.12449757,0.448938668,1
14214,2.009505749,2.098320007,0.136326743,0.351466805,0.448938668,1
32580,1.961911321,2.100966215,0.224396082,0.335389167,0.448938668,1
302,1.493929267,1.768270254,0.011699494,3.965157509,0.445625424,1
14217,1.948802829,2.030903816,0.127597432,0.900676429,0.448938668,1
60,1.577821851,1.720676422,0.025260328,1.610506654,0.445625424,1
80,1.766789198,1.833016515,0.231621162,1.079557538,0.448938668,0
43690,1.882289886,2.00524807,0.274738012,0.542114794,0.452262163,0
67,1.804189444,1.866675138,0.144819756,0.522510886,0.451388001,1
43689,1.882289886,2.01304841,0.288095624,0.349819869,0.454732507,0
43688,1.882289886,2.055440903,0.270809191,0.629276514,0.454732507,0
31984,1.882289886,2.028615236,0.257783193,0.928443074,0.451388001,0
31985,1.882289886,2.042857409,0.272284624,0.629276514,0.454732507,0
31983,1.691384196,1.875183105,0.257148939,1.252592564,0.451388001,0
8155,1.708224297,1.961527109,0.025930958,1.069794655,0.444749355,1
50163,1.930233359,2.118410349,0.213493119,1.371848941,0.451388001,1
50164,1.995396733,2.082126856,0.198150743,0.786072016,0.451388001,1
31986,1.952103376,2.15017271,0.279199092,0.719322324,0.454732507,0
50165,2.047871113,2.037933588,0.201678121,0.182862371,0.451388001,1
19373,1.91224277,2.136330128,0.252220041,1.755618334,0.451388001,1
19374,2.021391869,2.130330563,0.230588704,0.722483754,0.451388001,1
16417,1.91224277,1.733822227,0.271039565,0.542753756,0.451388001,1
5477,2.047871113,2.033918142,0.181090072,0.213918477,0.451388001,1
328,1.980829,2.155122757,0.233151603,0.923243701,0.441458941,1
51744,2.047871113,2.078722477,0.191253576,0.633201241,0.451388001,1
39317,1.740207553,1.928526878,0.286876112,0.315092266,0.454732507,1
9122,2.011461973,1.919334054,0.180596568,0.906888902,0.451388001,1
322,1.865162373,1.858448744,0.089604511,1.088654876,0.444749355,1
31790,2.057450533,2.182625294,0.255022334,0.150280729,0.451388001,1
39319,2.057450533,2.223026037,0.268543426,0.600190282,0.451388001,1
40919,1.919523954,2.170000076,0.206755249,0.633201241,0.451388001,1
25813,1.921847463,2.069090843,0.300453331,1.694499969,0.454732507,1
25066,2.066004515,2.179744005,0.229413324,0.312085003,0.451388001,1
39318,2.057450533,2.173895121,0.273789766,0.600190282,0.451388001,1
25817,2.069813013,2.29769063,0.295442832,0.656210005,0.454732507,1
42823,2.038535118,2.160291433,0.281955329,0.452543467,0.451388001,1
40483,2.114021063,2.203134775,0.19123472,0.45315209,0.451388001,1
37527,2.042150974,2.151747227,0.159651657,0.112373754,0.451388001,1
37528,2.042150974,2.171933413,0.141340451,0.169786841,0.448058903,1
4681,2.270643234,2.251297951,0.227141223,1.450233817,0.451388001,1
43705,2.126446486,2.199865818,0.158538551,0.745836496,0.453836918,1
9055,2.268377542,2.362118959,0.188087044,0.87439096,0.453836918,1
15662,2.078837156,2.287575245,0.358713115,0.548345864,0.440609246,0
43704,2.031652927,2.203736782,0.141083991,0.279087484,0.450495541,1
43703,2.145298004,2.346472979,0.180731694,0.465382218,0.453836918,0
43706,2.145298004,2.174921513,0.162811858,0.452945232,0.450495541,1
5402,2.261536121,2.311924696,0.24116429,0.762297988,0.453836918,0
15667,2.244204521,2.500324011,0.11904433,0.534795821,0.443882704,1
4401,2.204324722,2.30764842,0.208928174,0.832393467,0.453836918,0
61,1.563014507,1.998362899,0.032895692,2.121327162,0.450495541,0
4405,2.05156827,2.057581186,0.241841913,0.095782772,0.453836918,1
43694,2.204324722,2.128067732,0.229405579,0.955650508,0.453836918,1
43696,2.204324722,2.29832387,0.202819795,1.038368702,0.453836918,1
5705,2.013700724,2.235814333,0.172629554,0.699000359,0.450495541,1
43695,1.947831988,2.216046095,0.219176364,0.955650508,0.453836918,1
24349,2.013700724,2.229216337,0.18423133,0.538639069,0.453836918,1
25846,1.901908398,2.033906937,0.159779084,0.592255473,0.450495541,1
4407,1.947831988,1.98886025,0.230819893,0.554786503,0.453836918,1
25848,1.77794683,1.924991727,0.165764131,0.628716648,0.450495541,1
85,1.85899353,1.879668117,0.193300233,0.962592006,0.450495541,1
24327,2.364450932,2.5806005,0.209966446,2.796282291,0.440609246,1
31373,1.899067163,1.984812975,0.168033914,0.855856121,0.452941,1
307,1.023444414,1.681437016,0.151175103,2.904645205,0.439786822,0
15309,2.060832977,2.210086107,0.151052834,0.285460025,0.452941,1
321,0.999988556,2.171839714,0.079055781,7.730025768,0.446321338,1
89,1.67733407,2.028880596,0.038960404,0.696654022,0.455408573,1
15768,0.780082762,1.537082553,0.072300959,0.987211764,0.447983205,1
47,1.121343732,1.8110286,0.008338925,4.256891251,0.460471064,1
8156,0.846615851,1.861692786,0.009659012,2.529392004,0.460471064,1
1422,0.897368491,1.70157671,0.038210265,0.993012309,0.457126766,1
15600,1.586621284,2.052847385,0.043651702,0.812367022,0.460471064,1
15776,0.872733474,1.905816913,0.199693982,0.602918148,0.453806639,1
1421,0.853373528,1.861371994,0.300173126,0.162782893,0.45050317,1
15597,1.660803437,1.956271768,0.073823247,0.574952126,0.466442853,1
1433,1.214434385,1.889074326,0.066207124,1.647951365,0.463075489,1
44655,1.533303499,2.800071478,0.299851492,1.136087179,0.456394821,1
44656,1.226206183,2.811306953,0.278081866,1.645974159,0.456394821,1
15601,1.703723669,2.05314064,0.056204923,0.61125505,0.469825417,1
14294,1.199937463,2.120015383,0.14299586,1.425912976,0.463075489,1
1423,1.485331535,1.808827996,0.044272846,1.209664106,0.469080865,1
3990,1.334092021,2.577707529,0.239354593,0.217116475,0.462374508,1
10095,1.248247862,2.617155075,0.266947297,0.045061968,0.462374508,1
9588,1.333256006,1.98104167,0.129752222,0.401876867,0.471724719,1
9589,1.454983234,2.139979839,0.150597303,1.301297188,0.471724719,1
5322,1.343099356,1.454939246,0.040882405,1.266105771,0.478426039,0
1424,1.187421679,1.550070286,0.054414653,0.483063877,0.475074947,1
26004,1.889925003,2.16036272,0.068104687,1.266503334,0.48433274,0
4655,1.920848727,2.231472015,0.100568781,0.448745787,0.48433274,0
26014,1.822984338,2.094925404,0.052559438,0.937158227,0.48433274,0
4314,2.05122447,2.217995167,0.092169348,0.250674933,0.48433274,0
9089,2.044732094,1.908108711,0.317529822,1.15091002,0.490962029,0
21037,1.850341082,1.911168218,0.193772447,1.873839259,0.490144372,0
6381,2.465702534,2.523713112,0.350163503,0.485889435,0.49345842,0
6382,2.012479544,2.290232897,0.337727905,0.843485296,0.49345842,0
15287,2.167379856,2.134973049,0.285139046,1.804184318,0.49345842,0
41753,1.963073611,2.113991976,0.136752344,0.341581583,0.490144372,0
41754,2.229570866,2.341766834,0.107916917,0.264283895,0.490144372,0
2611,2.559511423,2.151262045,0.7851659,0.770342231,0.503303468,0
3845,2.559511423,2.125541687,0.764697756,0.842695236,0.503303468,0
2923,2.654690742,2.189498425,0.745741356,0.540959179,0.503303468,0
44360,2.214197397,1.971077919,0.505301421,0.92067945,0.500029206,0
3839,2.654690742,2.189498425,0.743978102,0.540959179,0.503303468,0
30,2.214197397,1.971077919,0.504601206,0.92067945,0.500029206,0
27349,2.806796789,2.066244841,0.840312088,0.362728089,0.506585777,0
6273,2.78557229,1.959808946,0.894703137,0.606944263,0.506585777,0
6272,2.72078371,2.130610228,0.807792001,0.186851591,0.506585777,0
2610,2.532268763,2.022972584,0.654631734,0.979171693,0.503303468,0
4,2.559511423,1.949572563,0.762242179,0.644544899,0.503303468,0
14011,2.675871611,2.30877018,0.633589961,0.215999961,0.503303468,0
15284,2.214587688,2.018469572,0.375580005,0.479840934,0.496750772,0
39017,2.46222949,2.136083603,0.684524522,0.968410671,0.503303468,0
27350,2.64708066,2.037689924,0.827946166,0.768106043,0.506585777,0
27604,2.248480082,1.82798934,0.903460199,2.396083832,0.506585777,0
26066,2.608539581,2.133352041,0.729381785,0.433243752,0.503303468,0
3851,2.738127232,2.235194445,0.784619442,0.873415828,0.506585777,0
26068,2.608539581,2.116583824,0.708244578,0.611786962,0.50576067,0
26069,2.761338234,2.231679916,0.76583626,0.163262635,0.50576067,0
33300,2.814785957,2.109118462,0.817723826,1.41894865,0.509021044,0
26070,2.630358219,2.040383339,0.680146447,0.895026863,0.50576067,0
9993,2.609996557,1.694012642,0.857456693,0.700051546,0.509021044,0
26071,2.536015511,2.143213749,0.646379321,1.332418799,0.50576067,0
26072,2.315067768,1.918906331,0.628398147,1.286134005,0.50576067,0
4316,2.84100461,2.100149393,0.765128379,0.960133553,0.509021044,1
16265,2.84100461,2.100149393,0.765128379,0.960133553,0.509021044,1
35057,2.609996557,2.206212044,0.828441564,0.21094723,0.509021044,0
9972,2.173526764,1.713758826,0.492626367,0.688639045,0.502482831,0
26073,2.790663958,2.155181646,0.727261119,0.421382755,0.50576067,0
26074,2.752406597,2.099841118,0.704951044,0.054496825,0.50576067,0
1944,2.327820301,1.806565404,0.581752019,0.296127021,0.502482831,0
26075,2.681865931,2.134642124,0.689267772,0.86030215,0.50576067,0
33227,2.702406883,1.96999073,0.787627004,0.91073662,0.509021044,1
19019,2.681865931,2.116062403,0.670226977,0.270803303,0.50576067,0
26076,2.638394594,2.250238657,0.641149934,0.432618111,0.50576067,0
26077,2.577651978,2.157960415,0.536088453,0.184244141,0.502482831,0
26078,2.638394594,1.992320657,0.61421615,1.47329855,0.50576067,1
8307,2.319455624,1.159039378,0.836528833,1.858247876,0.509021044,0
30797,2.426459074,2.070357084,0.584927399,1.313968301,0.502482831,0
30798,2.630206823,2.224002838,0.557033905,0.069442898,0.502482831,0
38488,2.626269817,2.182557106,0.548692755,0.619083285,0.502482831,0
13795,2.380844116,1.897030473,0.885495242,0.610142827,0.512272298,1
9307,2.510311842,1.920076132,0.568649778,0.773948848,0.504806936,1
26087,2.611488104,1.999581099,0.648645212,0.931787848,0.508111715,1
26089,2.611488104,2.083899021,0.623028192,0.479592383,0.508111715,1
30370,2.510311842,2.274704695,0.569969355,0.938509285,0.508111715,1
48755,2.644963503,2.12628746,0.609384581,0.347697914,0.508111715,1
32767,2.038868666,1.542332649,0.843039211,0.161957338,0.511369824,1
16415,1.837259769,1.064718962,0.69313886,2.266406536,0.508111715,1
48756,2.446898937,1.896435738,0.615990561,3.011632681,0.508111715,1
18499,2.001158476,1.47409451,0.812335486,0.546941638,0.511369824,1
3861,2.001158476,1.4643718,0.825411215,0.161957338,0.511369824,1
32768,2.038868666,1.518791437,0.849570625,0.379562676,0.511369824,1
48757,2.644963503,1.940001369,0.59810646,4.077914715,0.508111715,1
43878,1.714435697,1.221291304,0.646400209,0.37100476,0.508111715,1
43877,1.693098545,1.142860889,0.68002212,0.315843105,0.508111715,1
48828,1.631428003,1.099670529,0.666050097,0.467262983,0.510292888,1
18872,1.631899476,1.171429873,0.622519781,0.245190993,0.510292888,1
2699,1.812139511,1.282210112,0.67175335,1.018453121,0.513575733,1
48829,1.990567565,1.470232844,0.697360879,0.786205947,0.513575733,1
29984,1.631428003,1.164797187,0.65042285,0.623716235,0.510292888,1
4404,1.872043848,1.418923259,0.668949657,0.735249043,0.513575733,1
18936,1.690700531,1.060422182,0.620350515,0.65655309,0.510292888,1
15625,1.454478741,1.223144054,0.476527668,0.753935874,0.517735839,1
15626,1.589251876,1.216892481,0.544105921,0.812833846,0.52655679,1
15628,1.421610594,1.141082525,0.509602882,0.585067809,0.523340702,1
15639,1.430917025,1.009665251,0.194693858,1.821261048,0.516611278,0
163,1.414214015,0.915764511,0.322910946,0.284119159,0.520005465,0
8293,1.465768576,0.833289802,0.147553791,0.883024275,0.516611278,0
160,1.674602985,1.134652972,0.380210272,0.613858283,0.529289484,1
15636,1.488625765,1.070351839,0.388373375,0.48212716,0.526008487,0
174,1.875869036,1.963953733,0.351450983,0.620434403,0.535718739,0
186,2.198371887,1.923851609,0.263179973,0.726664782,0.535631239,0
164,1.163178921,0.939850807,0.124812776,0.986996412,0.522242248,0
20923,1.37845552,1.136314392,0.298908484,1.018485308,0.529066086,0
34329,2.312203884,5.779482841,2.169825938,1.824049354,0.347487956,0
34328,2.12856245,5.716370583,2.163160124,4.035310745,0.347487956,0
34327,2.12856245,5.483316898,2.150242,1.5133394,0.347487956,1
34326,2.12856245,5.43342638,2.141897053,1.5133394,0.347487956,1
34325,1.751606226,5.538032532,2.130424165,2.994083405,0.347487956,1
27864,1.582298517,4.452470779,2.258632551,1.660095692,0.335576773,1
27859,1.506965399,4.715302944,2.236771849,1.980683208,0.335576773,1
8114,1.953693628,5.224040508,1.961476223,0.218444541,0.355580032,1
12252,1.802204132,4.712646008,1.57173881,1.303040743,0.358447492,0
12253,1.802204132,4.718249321,1.570982868,1.303040743,0.358447492,0
12260,1.802204132,4.774830341,1.557580486,2.360842466,0.358447492,0
12256,1.802204132,4.813167095,1.551942466,2.360842466,0.358447492,0
21133,1.759371281,-3.40282E+22,2.314476665,0,0.330544293,0
45650,1.617907524,-3.40282E+22,2.38443646,0,0.328797162,1
45649,1.630173445,-3.40282E+22,2.349805167,0,0.330783188,1
45648,1.630173445,-3.40282E+22,2.365479132,0,0.330783188,1
19149,2.388252258,-3.40282E+22,1.781965581,0,0.351844609,1
19173,1.686302781,-3.40282E+22,2.063676202,0,0.34641239,1
16715,2.625123501,3.805156708,1.559207447,2.328402519,0.35455507,1
16725,1.691358566,-3.40282E+22,2.120360828,0,0.34641239,1
19185,0.831502676,-3.40282E+22,2.224205607,0,0.34835425,0
34600,0.414905787,2.076153517,1.712590096,4.752771378,0.36209321,0
34599,0.635322213,2.427410603,1.745329113,6.224446297,0.359245151,0
14770,0.827161193,3.378408432,1.763149563,5.92643261,0.359245151,0
42831,2.0586586,3.805577755,1.753357211,5.645064354,0.359245151,0
38452,0.730924487,2.597511292,1.685960949,4.771388531,0.36209321,0
38453,1.198478937,2.758145809,1.697772698,4.771388531,0.36209321,0
38454,2.050884485,3.450961113,1.703408167,5.49472332,0.36209321,0
27343,1.865407825,3.578827858,1.680333704,5.207461357,0.36209321,0
38455,1.865407825,3.519592762,1.69362557,2.092136383,0.36209321,0
25531,1.630018353,3.058367252,1.638806865,4.775939465,0.36209321,0
27344,1.865407825,3.664457798,1.679972736,1.363137007,0.36209321,0
25532,1.865407825,3.546878815,1.674699023,1.363137007,0.36209321,0
17641,2.188333988,3.542461395,1.70599052,1.840613842,0.36209321,0
27398,1.186615586,2.766130447,1.56819472,4.875361919,0.364989877,0
51796,1.186615586,2.661170483,1.545990906,3.563885212,0.364989877,1
27397,1.67638433,3.267470598,1.596360962,0.451656371,0.364660501,0
355,1.67638433,3.278909683,1.612352563,0.617769778,0.364660501,0
18961,1.471445203,2.752399683,1.517391298,2.525131464,0.36756295,0
51795,1.720306396,3.258905888,1.569138206,0.825985372,0.36756295,1
8194,1.983825803,3.59849596,1.651931923,1.95494473,0.364660501,0
41922,1.213279366,2.488803387,1.408305055,2.633311749,0.370505869,0
18960,1.102082491,2.492396593,1.388819326,1.504089475,0.370505869,1
13723,1.609491587,3.039328814,1.501898263,0.492468625,0.36756295,0
41968,1.490949869,2.952649832,1.447642374,0.553022563,0.370505869,0
31219,1.213263154,2.550246,1.277992039,2.505473614,0.373501241,1
57289,1.213263154,2.550246,1.27506242,2.505473614,0.373501241,1
32865,0.444084764,2.106113195,1.216223363,4.741127968,0.373501241,1
31218,1.698971748,3.181919098,1.300761479,0.845953822,0.373501241,1
354,1.609617114,3.034874916,1.340381647,0.68508625,0.370505869,1
6298,1.712525368,3.066682816,1.226697376,3.277124643,0.373501241,1
32866,1.712525368,3.104393244,1.246312253,1.164936185,0.373501241,1
32265,1.85701263,3.192820072,1.167304323,5.103789806,0.376558304,1
57852,1.980730653,3.294765472,1.150421852,2.602969885,0.376558304,1
57853,1.980730653,3.19581151,1.137615566,3.910140991,0.376558304,1
4645,1.873513341,3.05988121,1.400918579,3.332390547,0.370505869,1
4979,1.85701263,3.128417492,1.194082409,1.638269782,0.373501241,1
57855,1.980730653,3.500182152,1.163626013,2.602969885,0.379101932,1
32264,1.85701263,3.421883821,1.184416381,0.780275524,0.379101932,1
25545,1.707617521,3.739163637,1.324146589,3.286056519,0.37606132,1
57854,1.980730653,3.555346012,1.15471907,0.619620681,0.379101932,1
25546,2.328748465,3.650060654,1.294410243,2.624827623,0.37606132,1
4978,2.019781113,3.663266659,1.12973416,0.540013313,0.379101932,1
38104,2.214670658,3.522219658,1.061627452,5.464067936,0.379101932,0
30110,2.019781113,3.518303633,1.147050923,0.533874869,0.379101932,1
297,0.86228025,2.355684757,0.922305282,5.225583076,0.385372162,0
295,2.019781113,3.457583666,1.139399024,0.262309939,0.379101932,1
4977,2.015986681,3.709507704,1.10071565,1.060314775,0.379101932,0
38103,2.214670658,3.796757221,1.089655389,0.895281196,0.379101932,0
25549,2.90699625,4.384132862,1.037437321,2.939793348,0.382210553,0
4432,2.532433987,4.231561184,1.052775158,1.345273614,0.382210553,0
296,2.777266979,4.141080856,1.01162776,5.968552589,0.382210553,0
4661,2.07188797,4.053472042,1.151076615,1.756423116,0.379101932,0
25552,2.532433987,4.248850822,1.072611793,3.466704369,0.382210553,0
48656,2.302285671,5.847260952,2.739961028,0.545545518,0.364377499,1
43445,1.14373064,5.414865971,1.800688648,0.868325949,0.384355336,1
8159,1.055865765,5.389661312,1.795140771,0.618075728,0.384355336,1
726,1.055865765,5.287465572,1.79493659,0.618075728,0.384355336,1
777,0.998370647,5.298220634,1.8081365,0.965159714,0.384355336,1
30467,1.834945202,6.329712868,1.470477019,1.390673161,0.390461564,1
45551,2.141272545,6.479501247,1.444702058,0.856276989,0.393603086,1
30466,2.267337322,6.478615284,1.416391822,0.845568955,0.393603086,1
32437,1.598338127,5.905806541,1.572010238,0.738861144,0.390461564,1
9338,2.035295486,6.216132164,1.457362106,1.242456794,0.390461564,0
30671,1.505440712,5.862257004,1.593889416,0.714666486,0.390461564,1
30670,1.505440712,5.841282845,1.578825017,0.714666486,0.390461564,1
41979,1.063119888,5.380000114,1.794693315,0.429225832,0.384355336,1
12174,1.599112988,6.20017004,1.167619571,0.23915188,0.396861523,0
8428,1.143561363,6.077316284,0.718582467,0.338422567,0.407692075,0
41978,0.876400471,5.193016052,1.81383699,1.367667794,0.384355336,1
37478,2.148530006,6.449440479,1.29036641,0.418133169,0.393603086,0
29942,2.123595238,6.614693642,1.287499094,0.351522297,0.393603086,0
9342,1.747810841,6.147826195,1.458615582,1.242456794,0.390461564,0
7434,1.293531895,6.3292799,0.602004467,1.005057335,0.411671042,0
11666,1.293531895,6.3292799,0.602004467,1.005057335,0.411671042,0
3846,1.704061985,6.041871071,1.505080073,0.596998453,0.390461564,1
30672,1.505440712,5.716639996,1.5855576,0.359996319,0.390461564,1
5121,1.293531895,6.284025192,0.594689019,0.842007041,0.411671042,0
14225,1.293531895,6.284025192,0.594689019,0.842007041,0.411671042,0
32436,1.505440712,5.922804832,1.555768194,0.589909732,0.390461564,1
30673,1.505440712,5.789103985,1.576368308,0.359996319,0.390461564,1
21947,1.809427261,5.995227814,1.383301438,1.152005911,0.393603086,0
7427,0.790645599,4.929256916,1.818820538,0.610251009,0.384355336,1
37477,1.93630743,6.475446701,1.283626906,1.152431011,0.393603086,0
16839,1.418214321,5.691990852,1.598468054,0.602152288,0.387392402,1
11663,1.84403038,6.413468838,1.268580933,1.413346529,0.396861523,0
54130,1.217597485,5.946872711,0.470850163,0.766472399,0.415762484,0
54214,1.217597485,5.946872711,0.470850163,0.766472399,0.415762484,0
12249,1.099471569,6.097784996,0.647520452,0.539853513,0.411671042,0
784,1.225635052,6.187369823,0.927997025,0.236662045,0.403885156,0
722,1.159797668,6.208194733,0.696741336,0.309311748,0.407692075,1
11903,0.950901031,5.10074091,1.764049155,1.521142006,0.384355336,1
17412,0.790645599,4.789137363,1.82316904,0.584700406,0.384355336,0
15256,1.467678547,6.146602631,1.102125111,0.287214547,0.400279403,0
17411,0.790645599,4.92788887,1.807019828,0.924520016,0.384355336,0
15259,1.304708958,5.709675789,0.441462236,0.831337154,0.415762484,0
48926,1.184374809,5.982958317,0.590977157,0.622564256,0.414112866,0
4607,1.706847191,5.97048378,1.52278867,0.600349903,0.393119216,1
15258,1.620270729,5.689318657,1.399268899,0.569077969,0.39626947,0
43291,1.161847591,5.344119072,1.694723686,0.241940796,0.390029311,1
790,1.368290424,5.741083622,0.41989239,1.090634346,0.418097436,0
44428,1.541733742,6.114775181,1.151341124,0.361620218,0.399520606,0
45148,1.877130985,6.455094337,1.223293444,1.843892813,0.399520606,0
45147,1.877130985,6.242355347,1.209697148,1.052689314,0.399520606,0
54439,1.131917,6.064246178,0.539171075,0.993293941,0.414112866,0
39351,1.136109352,6.174983025,0.774783044,0.45187673,0.410217345,0
4373,1.143948078,6.151997089,0.894261948,0.262777239,0.406475395,0
43292,1.161847591,5.3799963,1.692983331,0.241940796,0.390029311,1
38909,1.290595531,5.527864933,1.618656622,0.618824065,0.390029311,1
39352,1.174041271,6.12586832,0.762830434,0.454739511,0.410217345,0
39353,1.112631321,6.106357574,0.778860966,0.271358728,0.410217345,0
44427,1.620653629,6.073643208,1.152017359,0.40885818,0.399520606,0
48805,1.182608128,6.066325665,0.808229447,0.526808679,0.406475395,0
51183,1.08440733,5.321299076,1.687277139,0.449480236,0.390029311,1
38908,1.269237518,5.519236088,1.62274234,0.490454942,0.390029311,1
3844,0.813541412,4.895758629,1.776117242,0.904565334,0.386964768,1
9318,0.813541412,4.895758629,1.776117242,0.904565334,0.386964768,1
48806,1.112631321,6.12846899,0.791483734,0.274069786,0.410217345,0
54441,1.265300751,6.23754549,0.526437536,0.580841124,0.414112866,0
41496,2.316240311,6.570875645,1.332860301,2.063153267,0.39626947,0
48871,1.621779919,6.319486141,0.452060222,0.894421756,0.418097436,0
42065,1.323224068,6.023478508,1.02595293,0.653406441,0.402912855,0
35088,1.323224068,6.145724773,0.997317179,0.396140426,0.402912855,0
41495,2.095097542,6.474388599,1.347368283,2.063153267,0.39626947,0
4688,1.112631321,6.06188488,0.783112399,0.372955471,0.410217345,0
9827,1.112631321,6.06188488,0.783112399,0.372955471,0.410217345,0
32875,1.709346771,6.321029186,1.282185093,2.69720006,0.39626947,0
42875,1.066486359,6.047326565,0.671393815,0.446952909,0.410217345,0
42876,1.066486359,6.09646368,0.654260845,0.119693302,0.410217345,0
16843,0.74190855,5.025122166,1.684590972,1.556391597,0.390029311,1
51182,0.74190855,5.025122166,1.684843971,1.556391597,0.390029311,1
18983,0.951734304,4.638701916,2.065901651,0.179896429,0.380835414,0
32874,1.709346771,6.337669849,1.27705895,2.69720006,0.39626947,0
18984,0.900063753,4.673320293,1.976951559,0.505945385,0.38390249,1
48868,1.413537025,6.038058281,0.451231387,0.920297086,0.418097436,0
42066,1.26845789,5.990641117,1.017676734,0.31023705,0.402912855,0
32873,1.709346771,6.099942207,1.293977362,2.092519045,0.39626947,0
35087,1.26845789,6.069906235,0.994746485,0.555186391,0.402912855,0
7432,1.168162823,6.052269936,0.86239903,0.070499517,0.406475395,0
54516,1.183656216,6.081305981,0.511414084,0.539296508,0.414112866,0
18861,1.26845789,5.963460445,1.012384907,0.032704126,0.402912855,0
48914,1.82933712,5.85857439,1.256675747,2.416473866,0.399520606,0
14219,1.168162823,6.072706699,0.861955239,0.23876521,0.406475395,0
48925,1.241398335,5.972012043,0.468298312,0.390046924,0.418097436,0
13747,1.241398335,5.972012043,0.465297412,0.390046924,0.418097436,0
18866,1.061420441,6.041580677,0.624759677,0.18947646,0.414112866,0
8265,0.966130257,4.802594662,1.685303902,0.398172587,0.390029311,0
8264,1.769864559,6.016212463,1.314835181,0.776267886,0.39626947,0
38870,1.157119274,5.978055,0.525880357,0.520395935,0.414112866,0
44099,0.846993446,4.584351063,1.962699835,0.185752913,0.38390249,1
39847,0.840821266,4.668685436,1.917760446,0.729346216,0.38390249,1
21991,1.174324512,5.30715704,1.573994417,1.091679573,0.393119216,0
720,1.769864559,6.086191177,1.305350608,1.303203344,0.39626947,0
4940,1.892167091,6.383804321,1.166679751,2.089218616,0.399520606,0
50233,1.810896397,6.155011177,1.125530431,2.30726409,0.399520606,0
32460,1.892167091,6.655369282,1.178155838,2.089218616,0.399520606,0
39846,0.840821266,4.824433804,1.927724246,1.096096516,0.38390249,1
32518,1.892167091,6.56682539,1.166613049,2.089218616,0.399520606,0
50244,1.142225266,6.068867683,0.766795711,0.198674172,0.410217345,0
29275,1.180469036,5.334739208,1.559034868,1.091679573,0.393119216,0
29279,1.174324512,5.414267063,1.585068458,0.743883014,0.390029311,0
29487,2.221364498,6.699183941,1.185519147,1.97089982,0.399520606,0
44100,1.076556444,4.771043777,1.952711455,0.729940355,0.38390249,1
39848,1.111610651,5.015014172,1.923137091,0.521677792,0.38390249,0
29274,1.3263731,5.424126625,1.556595918,0.452382952,0.393119216,0
38923,1.226562023,6.043619156,0.505723007,0.234015062,0.416337281,0
29278,1.396427631,5.511588097,1.583364178,0.352130979,0.39264822,0
44102,1.076556444,4.887042522,1.963549488,0.729940355,0.386464715,0
37286,1.098400593,4.782385349,1.984298959,0.183158979,0.386464715,0
50243,1.161085129,6.055017471,0.765476028,0.189192697,0.412572622,0
50245,1.161085129,6.055017471,0.765476028,0.189192697,0.412572622,0
25467,0.619086981,4.414139748,1.84407917,0.873595476,0.389558434,0
43151,1.896168232,6.563950062,1.069107952,0.226245046,0.405455917,0
25468,0.88355732,4.664954185,1.885497913,1.291413665,0.389558434,0
5065,1.331351757,5.388773441,1.43615167,0.621411085,0.395751536,0
37285,1.076556444,4.826345444,1.972556544,0.323319793,0.386464715,0
38924,1.226562023,6.026288033,0.52090706,0.444521934,0.416337281,0
44101,1.183531523,4.900000095,1.964591336,0.335277706,0.386464715,0
38925,1.311326027,6.07037878,0.526056854,0.444521934,0.416337281,0
25471,1.041213036,4.548294067,1.877000345,1.263290644,0.389558434,0
24220,0.420519352,4.396503925,1.822825965,0.40067336,0.389558434,0
43152,2.009884357,6.534760475,1.054303185,0.226245046,0.405455917,0
43158,1.536783695,5.724784374,0.390897428,1.208765388,0.420179248,0
43150,1.772144794,6.624100208,1.087003634,1.481303096,0.405455917,0
43157,1.536783695,5.712025166,0.390255459,0.912147403,0.420179248,0
43156,1.631807327,5.597726822,0.352863101,0.839925468,0.420179248,0
7079,1.269803524,6.119168758,0.584067616,0.050562374,0.416337281,0
14690,1.500085354,5.643461704,0.441609238,0.36060071,0.420179248,0
16989,1.775997639,5.511120796,0.35351998,1.204065084,0.420179248,0
43145,1.389240742,5.89288187,0.506993235,0.990707755,0.416337281,0